0.001244 0.001244 0.305970 0.007463 0.001244 0.001244 0.001244 0.616915 0.001244 0.001244 0.001244 0.001244 0.001244 0.001244 0.050995 0.001244 0.001244 0.001244 0.001244 
0.159105 0.000622 0.370416 0.000622 0.342449 0.000622 0.009944 0.019267 0.000622 0.000622 0.000622 0.000622 0.000622 0.000622 0.003729 0.000622 0.084525 0.000622 0.003729 
0.001292 0.104651 0.214470 0.001292 0.343669 0.001292 0.001292 0.001292 0.027132 0.001292 0.014212 0.040052 0.001292 0.001292 0.014212 0.001292 0.111111 0.020672 0.098191 
0.424534 0.000565 0.424534 0.000565 0.014698 0.000565 0.000565 0.000565 0.000565 0.079706 0.000565 0.000565 0.045789 0.000565 0.000565 0.000565 0.003392 0.000565 0.000565 
0.001362 0.035422 0.341962 0.001362 0.226158 0.008174 0.137602 0.008174 0.001362 0.008174 0.001362 0.001362 0.035422 0.001362 0.001362 0.001362 0.014986 0.001362 0.171662 
0.445183 0.000831 0.387043 0.000831 0.042359 0.004983 0.000831 0.000831 0.000831 0.009136 0.000831 0.000831 0.000831 0.000831 0.075581 0.000831 0.000831 0.000831 0.025748 
0.000474 0.062115 0.417734 0.002845 0.102418 0.000474 0.000474 0.000474 0.000474 0.002845 0.000474 0.019440 0.289711 0.047890 0.000474 0.002845 0.002845 0.000474 0.045519 
0.223676 0.000319 0.699107 0.000319 0.013082 0.006701 0.000319 0.017869 0.001914 0.000319 0.000319 0.009892 0.000319 0.000319 0.000319 0.000319 0.013082 0.011487 0.000319 
0.000776 0.000776 0.365400 0.109387 0.000776 0.000776 0.000776 0.000776 0.000776 0.047324 0.070597 0.000776 0.000776 0.000776 0.388673 0.000776 0.000776 0.004655 0.004655 
0.238595 0.000228 0.369754 0.007071 0.271670 0.000228 0.000228 0.012774 0.040146 0.000228 0.001369 0.029881 0.000228 0.000228 0.003650 0.000228 0.002509 0.020757 0.000228 
0.217026 0.001199 0.354916 0.001199 0.007194 0.001199 0.001199 0.312950 0.001199 0.001199 0.007194 0.001199 0.001199 0.001199 0.049161 0.001199 0.001199 0.013189 0.025180 
0.046901 0.000239 0.529074 0.001436 0.149797 0.000239 0.000239 0.051687 0.006222 0.000239 0.000239 0.001436 0.000239 0.000239 0.000239 0.006222 0.202441 0.002632 0.000239 
0.052632 0.052632 0.052632 0.052632 0.052632 0.052632 0.052632 0.052632 0.052632 0.052632 0.052632 0.052632 0.052632 0.052632 0.052632 0.052632 0.052632 0.052632 0.052632 
0.000448 0.047449 0.289167 0.000448 0.358550 0.116831 0.000448 0.000448 0.000448 0.034020 0.000448 0.011638 0.094449 0.000448 0.002686 0.000448 0.000448 0.000448 0.040734 
0.258256 0.007266 0.264861 0.007266 0.066711 0.050198 0.000661 0.195509 0.000661 0.000661 0.000661 0.000661 0.000661 0.000661 0.136063 0.000661 0.000661 0.007266 0.000661 
0.000397 0.000397 0.403335 0.000397 0.119492 0.000397 0.004367 0.000397 0.012306 0.014291 0.018261 0.208813 0.008337 0.002382 0.155220 0.000397 0.000397 0.034141 0.016276 
0.173447 0.002350 0.470847 0.000881 0.000881 0.000147 0.000147 0.004553 0.000147 0.271112 0.000147 0.000147 0.000147 0.000147 0.008959 0.004553 0.011896 0.000147 0.049346 
0.000392 0.000392 0.633974 0.029816 0.000392 0.002354 0.004315 0.000392 0.000392 0.025893 0.000392 0.000392 0.000392 0.000392 0.000392 0.000392 0.000392 0.000392 0.298548 
0.054688 0.063368 0.397569 0.000434 0.004774 0.000434 0.002604 0.000434 0.006944 0.006944 0.002604 0.000434 0.000434 0.006944 0.436632 0.013455 0.000434 0.000434 0.000434 
0.017232 0.384102 0.423013 0.003335 0.017232 0.003335 0.000556 0.000556 0.000556 0.000556 0.000556 0.000556 0.000556 0.000556 0.136743 0.006115 0.000556 0.003335 0.000556 
0.542311 0.005460 0.314832 0.000910 0.000910 0.000910 0.000910 0.046406 0.000910 0.060055 0.000910 0.000910 0.000910 0.000910 0.000910 0.000910 0.000910 0.000910 0.019108 
0.046049 0.000569 0.432632 0.006254 0.000569 0.000569 0.000569 0.028994 0.000569 0.000569 0.014781 0.000569 0.003411 0.000569 0.461057 0.000569 0.000569 0.000569 0.000569 
0.067073 0.006098 0.416957 0.000290 0.000290 0.000290 0.000290 0.476481 0.000290 0.003194 0.000290 0.001742 0.001742 0.000290 0.000290 0.023519 0.000290 0.000290 0.000290 
0.004112 0.000685 0.644962 0.000685 0.089788 0.000685 0.000685 0.000685 0.004112 0.000685 0.007539 0.000685 0.000685 0.000685 0.000685 0.000685 0.141193 0.000685 0.100069 
0.069227 0.097677 0.410621 0.009957 0.000474 0.000474 0.000474 0.159317 0.000474 0.036036 0.000474 0.005216 0.000474 0.024182 0.078710 0.017070 0.000474 0.000474 0.088193 
0.028417 0.136671 0.542625 0.001353 0.001353 0.001353 0.001353 0.001353 0.014885 0.001353 0.001353 0.001353 0.001353 0.001353 0.048714 0.001353 0.001353 0.008119 0.204330 
0.001861 0.008065 0.575682 0.000310 0.004963 0.000310 0.000310 0.004963 0.000310 0.015819 0.000310 0.166253 0.000310 0.034429 0.183313 0.001861 0.000310 0.000310 0.000310 
0.001131 0.187783 0.317873 0.001131 0.001131 0.001131 0.001131 0.221719 0.001131 0.001131 0.001131 0.006787 0.001131 0.001131 0.244344 0.001131 0.006787 0.001131 0.001131 
0.571610 0.001267 0.292776 0.001267 0.001267 0.001267 0.013942 0.039290 0.001267 0.045627 0.007605 0.001267 0.013942 0.001267 0.001267 0.001267 0.001267 0.001267 0.001267 
0.011905 0.011905 0.250000 0.011905 0.011905 0.011905 0.011905 0.130952 0.071429 0.011905 0.011905 0.011905 0.011905 0.011905 0.190476 0.130952 0.011905 0.011905 0.071429 
0.284189 0.000667 0.334223 0.000667 0.000667 0.000667 0.000667 0.327552 0.000667 0.017345 0.000667 0.004003 0.000667 0.000667 0.014009 0.007338 0.004003 0.000667 0.000667 
0.013238 0.020876 0.446029 0.000509 0.000509 0.000509 0.005601 0.000509 0.000509 0.377291 0.000509 0.000509 0.000509 0.003055 0.013238 0.115071 0.000509 0.000509 0.000509 
0.186765 0.086273 0.514219 0.003555 0.117036 0.003555 0.003555 0.015176 0.006289 0.034318 0.000137 0.007657 0.000137 0.000137 0.000137 0.000137 0.000137 0.020645 0.000137 
0.193619 0.237624 0.276128 0.006601 0.045105 0.001100 0.001100 0.171617 0.001100 0.001100 0.001100 0.001100 0.001100 0.006601 0.039604 0.006601 0.006601 0.001100 0.001100 
0.320755 0.000277 0.428968 0.000277 0.075194 0.000277 0.001665 0.000277 0.000277 0.001665 0.000277 0.007214 0.000277 0.000277 0.000277 0.008602 0.141787 0.011376 0.000277 
0.411699 0.017998 0.299213 0.001125 0.001125 0.001125 0.001125 0.124859 0.001125 0.001125 0.001125 0.017998 0.017998 0.001125 0.001125 0.001125 0.091114 0.006749 0.001125 
0.136514 0.043738 0.626905 0.020543 0.000663 0.013917 0.000663 0.000663 0.000663 0.000663 0.000663 0.000663 0.000663 0.000663 0.043738 0.000663 0.053678 0.053678 0.000663 
0.049917 0.002475 0.580033 0.006601 0.035479 0.006601 0.089109 0.000413 0.027228 0.027228 0.004538 0.000413 0.101485 0.000413 0.066419 0.000413 0.000413 0.000413 0.000413 
0.460537 0.029292 0.334418 0.000814 0.008950 0.000814 0.000814 0.049634 0.000814 0.013019 0.000814 0.000814 0.000814 0.013019 0.000814 0.000814 0.000814 0.017087 0.065907 
0.578947 0.006192 0.222910 0.062951 0.031992 0.001032 0.026832 0.011352 0.001032 0.001032 0.001032 0.001032 0.001032 0.001032 0.001032 0.001032 0.001032 0.001032 0.047472 
0.534829 0.030106 0.399055 0.000590 0.000590 0.000590 0.000590 0.018300 0.000590 0.000590 0.000590 0.000590 0.000590 0.000590 0.000590 0.003542 0.000590 0.000590 0.006494 
0.000336 0.158107 0.322591 0.000336 0.356160 0.000336 0.000336 0.000336 0.000336 0.000336 0.000336 0.000336 0.057402 0.000336 0.000336 0.000336 0.000336 0.000336 0.101041 
0.000785 0.145997 0.255887 0.248038 0.000785 0.000785 0.059655 0.028257 0.000785 0.118524 0.004710 0.004710 0.004710 0.036107 0.051805 0.036107 0.000785 0.000785 0.000785 
0.076131 0.000286 0.471093 0.000286 0.086148 0.023183 0.000286 0.083286 0.000286 0.000286 0.004579 0.000286 0.001717 0.000286 0.000286 0.000286 0.249284 0.001717 0.000286 
0.032666 0.285564 0.501581 0.001054 0.001054 0.001054 0.001054 0.043203 0.001054 0.001054 0.001054 0.001054 0.001054 0.001054 0.122234 0.001054 0.001054 0.001054 0.001054 
0.250000 0.001157 0.388889 0.006944 0.001157 0.001157 0.001157 0.232639 0.001157 0.001157 0.001157 0.001157 0.001157 0.001157 0.001157 0.001157 0.076389 0.012731 0.018519 
0.420631 0.000445 0.493997 0.000445 0.009337 0.044909 0.000445 0.000445 0.000445 0.009337 0.002668 0.004891 0.004891 0.000445 0.000445 0.000445 0.004891 0.000445 0.000445 
0.000117 0.024725 0.417272 0.009491 0.018866 0.000117 0.000117 0.075697 0.000117 0.000117 0.002461 0.004218 0.000117 0.000117 0.413171 0.000117 0.000117 0.000117 0.032927 
0.262344 0.017604 0.577930 0.000429 0.000429 0.000429 0.000429 0.071275 0.000429 0.004723 0.000429 0.000429 0.000429 0.000429 0.002576 0.000429 0.047660 0.011164 0.000429 
0.267661 0.083203 0.428571 0.000785 0.079278 0.000785 0.000785 0.000785 0.012559 0.000785 0.000785 0.000785 0.000785 0.000785 0.118524 0.000785 0.000785 0.000785 0.000785 
0.116329 0.000723 0.372832 0.029624 0.000723 0.000723 0.004335 0.000723 0.004335 0.246387 0.000723 0.080202 0.000723 0.004335 0.134393 0.000723 0.000723 0.000723 0.000723 
0.018977 0.000084 0.554707 0.000084 0.000084 0.000084 0.000084 0.024435 0.001344 0.000084 0.000084 0.022756 0.000504 0.000084 0.016878 0.000084 0.058023 0.004282 0.297338 
0.147186 0.001082 0.471861 0.001082 0.001082 0.001082 0.001082 0.017316 0.006494 0.314935 0.001082 0.017316 0.001082 0.001082 0.001082 0.001082 0.001082 0.011905 0.001082 
0.040026 0.000656 0.637139 0.000656 0.062992 0.000656 0.000656 0.000656 0.000656 0.000656 0.000656 0.000656 0.003937 0.000656 0.000656 0.000656 0.233596 0.013780 0.000656 
0.268242 0.000695 0.348158 0.000695 0.004170 0.000695 0.004170 0.101459 0.007644 0.000695 0.000695 0.004170 0.000695 0.000695 0.174427 0.080612 0.000695 0.000695 0.000695 
0.000867 0.000867 0.408146 0.000867 0.000867 0.005199 0.000867 0.005199 0.000867 0.386482 0.000867 0.091854 0.000867 0.039861 0.000867 0.044194 0.005199 0.005199 0.000867 
0.584599 0.003143 0.299109 0.011001 0.000524 0.000524 0.000524 0.094814 0.000524 0.000524 0.000524 0.000524 0.000524 0.000524 0.000524 0.000524 0.000524 0.000524 0.000524 
0.480068 0.111111 0.352841 0.000848 0.000848 0.000848 0.000848 0.000848 0.000848 0.000848 0.000848 0.000848 0.000848 0.000848 0.013571 0.000848 0.013571 0.000848 0.017812 
0.000391 0.002345 0.367722 0.000391 0.428292 0.000391 0.017976 0.133255 0.000391 0.000391 0.000391 0.025791 0.010160 0.000391 0.000391 0.010160 0.000391 0.000391 0.000391 
0.056945 0.007298 0.385931 0.000120 0.280656 0.000120 0.000120 0.001316 0.008494 0.002512 0.030028 0.001914 0.003110 0.000120 0.000120 0.031224 0.175978 0.009690 0.004307 
0.000551 0.006064 0.560088 0.000551 0.000551 0.000551 0.006064 0.000551 0.006064 0.353363 0.000551 0.000551 0.025358 0.000551 0.000551 0.030871 0.000551 0.003308 0.003308 
0.604376 0.005014 0.349134 0.000456 0.002735 0.000456 0.000456 0.032361 0.000456 0.000456 0.000456 0.000456 0.000456 0.000456 0.000456 0.000456 0.000456 0.000456 0.000456 
0.064880 0.269394 0.459803 0.015515 0.001410 0.001410 0.001410 0.001410 0.008463 0.001410 0.001410 0.001410 0.001410 0.001410 0.156559 0.008463 0.001410 0.001410 0.001410 
0.010449 0.000689 0.487542 0.000115 0.046618 0.000115 0.001263 0.002985 0.000115 0.000115 0.000115 0.035136 0.000115 0.001837 0.133884 0.016764 0.009301 0.000115 0.252727 
0.001027 0.052361 0.211499 0.011294 0.262834 0.001027 0.026694 0.031828 0.001027 0.016427 0.001027 0.001027 0.001027 0.001027 0.006160 0.001027 0.001027 0.001027 0.370637 
0.000426 0.000426 0.398467 0.000426 0.000426 0.000426 0.000426 0.353768 0.002554 0.011069 0.000426 0.030226 0.000426 0.002554 0.011069 0.177097 0.008940 0.000426 0.000426 
0.001491 0.081014 0.471173 0.007704 0.002734 0.001491 0.000249 0.012674 0.053678 0.001491 0.006461 0.036282 0.001491 0.000249 0.196571 0.011431 0.000249 0.000249 0.113320 
0.078611 0.279707 0.393967 0.005484 0.000914 0.000914 0.000914 0.055759 0.000914 0.000914 0.000914 0.000914 0.000914 0.000914 0.170018 0.000914 0.000914 0.005484 0.000914 
0.128782 0.000776 0.408068 0.008534 0.000776 0.000776 0.000776 0.249030 0.000776 0.000776 0.004655 0.000776 0.000776 0.000776 0.000776 0.000776 0.190846 0.000776 0.000776 
0.517119 0.000590 0.390201 0.000590 0.000590 0.000590 0.009445 0.009445 0.000590 0.044864 0.000590 0.000590 0.003542 0.000590 0.000590 0.003542 0.009445 0.000590 0.006494 
0.203495 0.009019 0.465614 0.000564 0.000564 0.000564 0.000564 0.271139 0.000564 0.000564 0.000564 0.003382 0.006201 0.003382 0.003382 0.000564 0.000564 0.000564 0.028749 
0.000871 0.000145 0.222238 0.000145 0.267963 0.000145 0.000145 0.000145 0.000145 0.000145 0.025548 0.000145 0.000145 0.000145 0.475541 0.000145 0.000145 0.000145 0.005952 
0.072314 0.041901 0.391079 0.001352 0.134264 0.070061 0.001352 0.202974 0.000225 0.006984 0.002478 0.003604 0.000225 0.000225 0.000225 0.006984 0.000225 0.000225 0.063303 
0.004343 0.001629 0.522801 0.000271 0.000271 0.000271 0.000271 0.000271 0.000271 0.444083 0.000271 0.001629 0.000271 0.005700 0.004343 0.000271 0.000271 0.000271 0.012486 
0.000610 0.269067 0.470409 0.000610 0.000610 0.000610 0.000610 0.049420 0.052471 0.000610 0.000610 0.000610 0.000610 0.000610 0.131788 0.003661 0.000610 0.006711 0.009762 
0.001811 0.280929 0.434822 0.000302 0.104406 0.000302 0.000302 0.054617 0.000302 0.000302 0.000302 0.004828 0.006337 0.000302 0.053108 0.025951 0.013881 0.000302 0.016898 
0.000838 0.000140 0.479620 0.000140 0.059464 0.001535 0.000140 0.000140 0.009911 0.381212 0.000140 0.000838 0.000140 0.000140 0.000140 0.064350 0.000838 0.000140 0.000140 
0.440914 0.000557 0.312709 0.000557 0.000557 0.000557 0.000557 0.220736 0.000557 0.000557 0.000557 0.000557 0.000557 0.000557 0.000557 0.000557 0.011706 0.003344 0.003344 
0.001164 0.158324 0.228172 0.006985 0.001164 0.006985 0.053551 0.001164 0.001164 0.001164 0.001164 0.001164 0.001164 0.001164 0.530850 0.001164 0.001164 0.001164 0.001164 
0.364221 0.084299 0.515444 0.000644 0.000644 0.000644 0.007079 0.000644 0.000644 0.000644 0.000644 0.000644 0.000644 0.000644 0.000644 0.000644 0.000644 0.019949 0.000644 
0.063904 0.021770 0.422051 0.000702 0.000702 0.004213 0.000702 0.379916 0.000702 0.091994 0.000702 0.000702 0.000702 0.000702 0.000702 0.007725 0.000702 0.000702 0.000702 
0.012971 0.009883 0.439160 0.000618 0.117974 0.000618 0.000618 0.000618 0.000618 0.000618 0.000618 0.127239 0.000618 0.170476 0.080914 0.000618 0.000618 0.009883 0.025324 
0.088940 0.000570 0.516534 0.000570 0.006271 0.000570 0.000570 0.157355 0.000570 0.068985 0.000570 0.006271 0.003421 0.000570 0.000570 0.000570 0.094641 0.003421 0.049031 
0.187215 0.145358 0.381279 0.008371 0.000761 0.088280 0.000761 0.042618 0.000761 0.130137 0.000761 0.000761 0.000761 0.000761 0.000761 0.008371 0.000761 0.000761 0.000761 
0.001114 0.144131 0.497957 0.001114 0.106055 0.001114 0.000186 0.063336 0.002972 0.000186 0.000186 0.062407 0.004829 0.002972 0.079123 0.001114 0.000186 0.000186 0.030832 
0.001484 0.305638 0.342730 0.001484 0.001484 0.001484 0.008902 0.001484 0.075668 0.045994 0.001484 0.001484 0.008902 0.001484 0.179525 0.001484 0.016320 0.001484 0.001484 
0.350399 0.122593 0.474871 0.000470 0.000470 0.000470 0.000470 0.000470 0.002818 0.000470 0.000470 0.000470 0.000470 0.000470 0.042743 0.000470 0.000470 0.000470 0.000470 
0.097520 0.000335 0.521448 0.008713 0.000335 0.002011 0.002011 0.042225 0.003686 0.042225 0.007038 0.003686 0.000335 0.000335 0.107574 0.000335 0.020442 0.000335 0.139410 
0.000561 0.230381 0.650785 0.000561 0.000561 0.000561 0.000561 0.000561 0.000561 0.000561 0.000561 0.003363 0.000561 0.000561 0.107063 0.000561 0.000561 0.000561 0.000561 
0.000601 0.003606 0.400240 0.003606 0.009615 0.003606 0.000601 0.289062 0.021635 0.256010 0.000601 0.000601 0.000601 0.000601 0.000601 0.006611 0.000601 0.000601 0.000601 
0.177862 0.168401 0.482971 0.000473 0.014664 0.000473 0.028855 0.066698 0.000473 0.000473 0.000473 0.000473 0.000473 0.052507 0.000473 0.000473 0.002838 0.000473 0.000473 
0.000373 0.121461 0.626304 0.015276 0.004098 0.000373 0.000373 0.000373 0.009687 0.004098 0.000373 0.071162 0.000373 0.004098 0.138227 0.000373 0.002235 0.000373 0.000373 
0.223099 0.208752 0.499283 0.000717 0.025825 0.000717 0.000717 0.000717 0.000717 0.000717 0.000717 0.000717 0.000717 0.000717 0.007891 0.000717 0.022238 0.004304 0.000717 
0.492537 0.126187 0.363636 0.000678 0.000678 0.000678 0.000678 0.000678 0.000678 0.000678 0.000678 0.000678 0.000678 0.000678 0.007463 0.000678 0.000678 0.000678 0.000678 
0.017929 0.000578 0.474841 0.000578 0.006362 0.000578 0.000578 0.000578 0.000578 0.000578 0.006362 0.000578 0.000578 0.000578 0.463274 0.012146 0.012146 0.000578 0.000578 
0.000739 0.000739 0.258776 0.000123 0.474319 0.006897 0.010592 0.197808 0.000123 0.000123 0.000123 0.000123 0.000123 0.000123 0.006282 0.000123 0.022293 0.000123 0.020446 
0.058748 0.162040 0.517108 0.000646 0.000646 0.000646 0.000646 0.042608 0.000646 0.000646 0.000646 0.000646 0.000646 0.000646 0.000646 0.000646 0.020013 0.000646 0.191091 
0.022360 0.000294 0.468079 0.000294 0.066490 0.000294 0.000294 0.206237 0.015004 0.188585 0.000294 0.000294 0.000294 0.000294 0.026773 0.003236 0.000294 0.000294 0.000294 
0.037968 0.000189 0.484700 0.000189 0.055912 0.000189 0.003022 0.229694 0.000189 0.001133 0.000189 0.001133 0.000189 0.000189 0.010578 0.015300 0.122025 0.000189 0.037023 
0.000949 0.091082 0.309298 0.143264 0.000949 0.000949 0.019924 0.000949 0.000949 0.000949 0.000949 0.029412 0.000949 0.000949 0.181214 0.209677 0.000949 0.005693 0.000949 
0.402878 0.000450 0.438849 0.000450 0.000450 0.000450 0.002698 0.031924 0.002698 0.000450 0.000450 0.000450 0.002698 0.000450 0.000450 0.000450 0.112860 0.000450 0.000450 
0.409039 0.030512 0.489637 0.000288 0.034830 0.000288 0.000288 0.000288 0.001727 0.000288 0.000288 0.003166 0.000288 0.000288 0.011802 0.000288 0.008923 0.006045 0.001727 
0.158708 0.081461 0.432584 0.000702 0.000702 0.000702 0.000702 0.095506 0.000702 0.035815 0.000702 0.000702 0.007725 0.000702 0.172753 0.004213 0.000702 0.000702 0.004213 
0.013728 0.512672 0.444034 0.000528 0.000528 0.003168 0.000528 0.003168 0.013728 0.000528 0.000528 0.000528 0.000528 0.003168 0.000528 0.000528 0.000528 0.000528 0.000528 
0.147925 0.004016 0.572959 0.000669 0.000669 0.000669 0.000669 0.000669 0.057564 0.000669 0.000669 0.010710 0.000669 0.044177 0.010710 0.000669 0.141232 0.004016 0.000669 
0.073919 0.004184 0.328452 0.004184 0.000697 0.000697 0.000697 0.066946 0.000697 0.000697 0.000697 0.000697 0.000697 0.004184 0.133194 0.070432 0.000697 0.000697 0.307531 
0.000326 0.013381 0.543734 0.000326 0.096606 0.000326 0.000326 0.000326 0.000326 0.001958 0.000326 0.000326 0.094974 0.005222 0.000326 0.000326 0.028068 0.000326 0.212467 
0.010775 0.033864 0.513597 0.008209 0.115957 0.003079 0.000513 0.041560 0.000513 0.000513 0.000513 0.000513 0.000513 0.000513 0.013340 0.000513 0.074910 0.033864 0.146742 
0.001292 0.124031 0.414729 0.001292 0.001292 0.001292 0.001292 0.375969 0.001292 0.001292 0.001292 0.014212 0.001292 0.001292 0.014212 0.001292 0.040052 0.001292 0.001292 
0.000553 0.014373 0.473190 0.008845 0.006081 0.000553 0.008845 0.080708 0.000553 0.307352 0.000553 0.000553 0.000553 0.000553 0.000553 0.083472 0.000553 0.011609 0.000553 
0.573442 0.000455 0.398363 0.000455 0.000455 0.000455 0.000455 0.000455 0.000455 0.000455 0.000455 0.002729 0.000455 0.000455 0.014097 0.000455 0.000455 0.000455 0.005002 
0.000395 0.463029 0.342428 0.008304 0.000395 0.016212 0.000395 0.002372 0.000395 0.020166 0.000395 0.034006 0.000395 0.002372 0.101226 0.000395 0.004350 0.000395 0.002372 
0.001850 0.259248 0.575216 0.008015 0.000308 0.000308 0.000308 0.000308 0.017263 0.000308 0.000308 0.000308 0.000308 0.000308 0.012639 0.000308 0.000308 0.000308 0.122072 
0.383961 0.000181 0.412925 0.005612 0.048154 0.000181 0.001991 0.058110 0.001086 0.000181 0.001086 0.008327 0.000181 0.000181 0.012853 0.001086 0.004707 0.059015 0.000181 
0.011352 0.001032 0.408669 0.001032 0.001032 0.001032 0.001032 0.517028 0.001032 0.001032 0.001032 0.001032 0.001032 0.001032 0.026832 0.001032 0.006192 0.001032 0.016512 
0.086601 0.000817 0.401144 0.000817 0.041667 0.000817 0.000817 0.441993 0.004902 0.000817 0.000817 0.000817 0.000817 0.000817 0.000817 0.000817 0.013072 0.000817 0.000817 
0.010733 0.296959 0.350626 0.010733 0.001789 0.010733 0.001789 0.010733 0.001789 0.010733 0.001789 0.001789 0.001789 0.001789 0.216458 0.001789 0.001789 0.001789 0.064401 
0.000710 0.000710 0.618169 0.007807 0.000710 0.004258 0.000710 0.295245 0.000710 0.000710 0.007807 0.000710 0.000710 0.000710 0.000710 0.000710 0.057488 0.000710 0.000710 
0.161519 0.232304 0.338481 0.000644 0.135779 0.042471 0.000644 0.023166 0.000644 0.000644 0.000644 0.007079 0.007079 0.000644 0.000644 0.000644 0.023166 0.023166 0.000644 
0.240064 0.001590 0.255962 0.001590 0.073132 0.120827 0.001590 0.001590 0.001590 0.160572 0.001590 0.025437 0.041335 0.001590 0.001590 0.001590 0.001590 0.065183 0.001590 
0.107174 0.000886 0.448184 0.000886 0.000886 0.000886 0.000886 0.333038 0.005314 0.000886 0.000886 0.000886 0.000886 0.000886 0.076174 0.000886 0.014172 0.000886 0.005314 
0.000723 0.000723 0.398121 0.000723 0.000723 0.109104 0.000723 0.372832 0.000723 0.000723 0.000723 0.004335 0.007948 0.000723 0.000723 0.094653 0.000723 0.000723 0.004335 
0.463152 0.005917 0.350188 0.000538 0.000538 0.000538 0.000538 0.005917 0.000538 0.040882 0.000538 0.027434 0.000538 0.000538 0.062399 0.038193 0.000538 0.000538 0.000538 
0.053148 0.004058 0.511978 0.000785 0.000131 0.000785 0.000131 0.000131 0.000131 0.415761 0.000785 0.000131 0.000131 0.000131 0.002749 0.002095 0.000785 0.002095 0.004058 
0.320166 0.278586 0.361746 0.013514 0.000520 0.000520 0.000520 0.000520 0.000520 0.000520 0.000520 0.000520 0.000520 0.000520 0.000520 0.003119 0.000520 0.000520 0.016112 
0.001059 0.234110 0.419492 0.001059 0.006356 0.001059 0.006356 0.064619 0.001059 0.001059 0.006356 0.006356 0.001059 0.027542 0.218220 0.001059 0.001059 0.001059 0.001059 
0.350365 0.021898 0.498009 0.001991 0.051758 0.001991 0.000332 0.063371 0.000332 0.000332 0.000332 0.000332 0.000332 0.001991 0.003650 0.000332 0.000332 0.001991 0.000332 
0.638591 0.003063 0.304237 0.008167 0.000510 0.000510 0.000510 0.003063 0.000510 0.000510 0.000510 0.000510 0.000510 0.000510 0.033691 0.003063 0.000510 0.000510 0.000510 
0.000208 0.012711 0.347156 0.000208 0.405501 0.000208 0.000208 0.000208 0.000208 0.001250 0.071056 0.000208 0.000208 0.000208 0.000208 0.000208 0.117941 0.041884 0.000208 
0.000867 0.386482 0.451473 0.000867 0.005199 0.000867 0.005199 0.000867 0.000867 0.005199 0.000867 0.000867 0.000867 0.000867 0.135182 0.000867 0.000867 0.000867 0.000867 
0.414276 0.050700 0.397598 0.000667 0.000667 0.000667 0.000667 0.120747 0.000667 0.000667 0.000667 0.004003 0.000667 0.000667 0.000667 0.000667 0.000667 0.004003 0.000667 
0.000831 0.038206 0.457641 0.025748 0.000831 0.000831 0.013289 0.432724 0.000831 0.004983 0.000831 0.000831 0.000831 0.000831 0.000831 0.000831 0.000831 0.017442 0.000831 
0.030902 0.003040 0.496960 0.000507 0.018237 0.000507 0.000507 0.000507 0.041033 0.000507 0.003040 0.008105 0.000507 0.000507 0.382979 0.000507 0.000507 0.000507 0.010638 
0.093847 0.034804 0.438782 0.000622 0.000622 0.000622 0.000622 0.000622 0.000622 0.420137 0.000622 0.000622 0.000622 0.000622 0.000622 0.003729 0.000622 0.000622 0.000622 
0.187556 0.275647 0.507583 0.000223 0.005798 0.000223 0.000223 0.000223 0.004683 0.010259 0.000223 0.000223 0.001338 0.000223 0.000223 0.004683 0.000223 0.000223 0.000223 
0.015176 0.000230 0.508393 0.000230 0.042768 0.000230 0.000230 0.000230 0.001380 0.415268 0.004829 0.000230 0.001380 0.000230 0.004829 0.001380 0.000230 0.000230 0.002529 
0.392190 0.069610 0.426146 0.001698 0.001698 0.001698 0.001698 0.078098 0.001698 0.001698 0.001698 0.001698 0.010187 0.001698 0.001698 0.001698 0.001698 0.001698 0.001698 
0.026726 0.056355 0.462692 0.000121 0.014633 0.000121 0.000121 0.321804 0.000121 0.084774 0.000121 0.000121 0.000726 0.000121 0.000121 0.029145 0.000121 0.000726 0.001330 
0.001088 0.430903 0.463547 0.001088 0.001088 0.001088 0.006529 0.001088 0.001088 0.044614 0.001088 0.006529 0.001088 0.001088 0.001088 0.006529 0.001088 0.028292 0.001088 
0.325254 0.000782 0.407349 0.000782 0.078968 0.000782 0.000782 0.000782 0.000782 0.000782 0.000782 0.000782 0.000782 0.000782 0.000782 0.000782 0.114152 0.000782 0.063331 
0.048975 0.431052 0.384161 0.002084 0.000347 0.007294 0.000347 0.000347 0.005557 0.000347 0.000347 0.002084 0.000347 0.000347 0.087183 0.000347 0.002084 0.005557 0.021188 
0.000144 0.000867 0.303437 0.089688 0.000144 0.000867 0.000144 0.000144 0.006644 0.000144 0.010254 0.000867 0.002311 0.000144 0.574235 0.008810 0.000144 0.000144 0.000867 
0.000403 0.030596 0.495572 0.002415 0.056763 0.000403 0.000403 0.316425 0.000403 0.002415 0.000403 0.000403 0.008454 0.000403 0.000403 0.000403 0.072866 0.000403 0.010467 
0.295351 0.017574 0.612812 0.000567 0.057256 0.000567 0.000567 0.000567 0.000567 0.000567 0.000567 0.000567 0.000567 0.006236 0.000567 0.000567 0.000567 0.000567 0.003401 
0.089065 0.000882 0.459436 0.014109 0.014109 0.000882 0.005291 0.164021 0.000882 0.000882 0.000882 0.000882 0.005291 0.022928 0.000882 0.000882 0.216931 0.000882 0.000882 
0.302211 0.253071 0.271499 0.031941 0.019656 0.013514 0.001229 0.013514 0.013514 0.007371 0.001229 0.007371 0.001229 0.001229 0.001229 0.001229 0.025799 0.031941 0.001229 
0.038206 0.129568 0.515781 0.000831 0.029900 0.000831 0.000831 0.266611 0.000831 0.000831 0.000831 0.000831 0.000831 0.004983 0.004983 0.000831 0.000831 0.000831 0.000831 
0.000838 0.478224 0.281407 0.000838 0.051089 0.005025 0.000838 0.084590 0.000838 0.059464 0.000838 0.000838 0.000838 0.000838 0.000838 0.013400 0.000838 0.000838 0.017588 
0.019683 0.000547 0.651176 0.000547 0.014215 0.197376 0.003280 0.003280 0.006014 0.000547 0.000547 0.006014 0.000547 0.000547 0.006014 0.000547 0.088026 0.000547 0.000547 
0.000505 0.008085 0.387064 0.000505 0.000505 0.000505 0.000505 0.000505 0.000505 0.591713 0.000505 0.000505 0.005558 0.000505 0.000505 0.000505 0.000505 0.000505 0.000505 
0.166322 0.131815 0.501035 0.011042 0.000690 0.069703 0.000690 0.000690 0.066253 0.000690 0.000690 0.011042 0.000690 0.000690 0.000690 0.000690 0.035197 0.000690 0.000690 
0.278273 0.000685 0.405072 0.000685 0.000685 0.004112 0.010966 0.004112 0.000685 0.244003 0.000685 0.000685 0.000685 0.000685 0.024674 0.000685 0.000685 0.021247 0.000685 
0.000583 0.079347 0.514002 0.000583 0.000583 0.000583 0.000583 0.257293 0.000583 0.023921 0.003501 0.000583 0.006418 0.000583 0.058926 0.000583 0.050175 0.000583 0.000583 
0.033634 0.066448 0.378179 0.000820 0.000820 0.000820 0.000820 0.009024 0.000820 0.000820 0.000820 0.000820 0.000820 0.004922 0.472518 0.000820 0.000820 0.000820 0.025431 
0.001131 0.312217 0.216063 0.029412 0.001131 0.001131 0.018100 0.001131 0.001131 0.001131 0.001131 0.001131 0.006787 0.001131 0.402715 0.001131 0.001131 0.001131 0.001131 
0.148754 0.000779 0.277259 0.000779 0.000779 0.000779 0.000779 0.000779 0.000779 0.000779 0.000779 0.000779 0.094237 0.222741 0.004673 0.008567 0.004673 0.012461 0.218847 
0.512231 0.000741 0.367680 0.011861 0.000741 0.000741 0.000741 0.041512 0.000741 0.000741 0.000741 0.048925 0.000741 0.000741 0.000741 0.000741 0.004448 0.000741 0.004448 
0.243418 0.059133 0.541110 0.004455 0.000405 0.000405 0.000405 0.000405 0.000405 0.134062 0.000405 0.000405 0.000405 0.000405 0.000405 0.000405 0.004455 0.000405 0.008505 
0.208603 0.004949 0.512181 0.000190 0.063000 0.000190 0.000190 0.173392 0.001142 0.000190 0.000190 0.000190 0.001142 0.000190 0.000190 0.000190 0.031595 0.002094 0.000190 
0.083086 0.001484 0.520772 0.001484 0.001484 0.001484 0.023739 0.179525 0.001484 0.001484 0.001484 0.001484 0.001484 0.001484 0.008902 0.001484 0.164688 0.001484 0.001484 
0.000665 0.216755 0.376330 0.000665 0.000665 0.057181 0.000665 0.243351 0.000665 0.010638 0.000665 0.000665 0.000665 0.000665 0.000665 0.070479 0.000665 0.000665 0.017287 
0.329735 0.000981 0.329735 0.000981 0.000981 0.020608 0.000981 0.000981 0.000981 0.050049 0.000981 0.035329 0.000981 0.000981 0.197252 0.000981 0.000981 0.000981 0.025515 
0.000274 0.000274 0.517563 0.007135 0.000274 0.045554 0.000274 0.000274 0.000274 0.000274 0.000274 0.000274 0.000274 0.164929 0.000274 0.260977 0.000274 0.000274 0.000274 
0.000179 0.000179 0.410118 0.001076 0.000179 0.000179 0.000179 0.000179 0.000179 0.000179 0.000179 0.001973 0.000179 0.091676 0.000179 0.489056 0.001973 0.001973 0.000179 
0.000503 0.005530 0.478130 0.000503 0.000503 0.000503 0.000503 0.000503 0.000503 0.000503 0.000503 0.000503 0.000503 0.354952 0.000503 0.153846 0.000503 0.000503 0.000503 
0.000490 0.000490 0.456596 0.000490 0.000490 0.000490 0.000490 0.000490 0.000490 0.005395 0.000490 0.000490 0.000490 0.515449 0.000490 0.007847 0.000490 0.007847 0.000490 
0.002604 0.000434 0.347656 0.000434 0.006944 0.000434 0.000434 0.000434 0.000434 0.000434 0.000434 0.000434 0.002604 0.542969 0.000434 0.087240 0.002604 0.000434 0.002604 
0.001006 0.001006 0.423541 0.006036 0.096579 0.011066 0.001006 0.001006 0.001006 0.001006 0.001006 0.016097 0.001006 0.378270 0.001006 0.051308 0.006036 0.001006 0.001006 
0.000967 0.000967 0.615087 0.000967 0.000967 0.000967 0.000967 0.020309 0.000967 0.000967 0.000967 0.015474 0.000967 0.000967 0.000967 0.334623 0.000967 0.000967 0.000967 
0.000927 0.000927 0.269694 0.000927 0.000927 0.000927 0.000927 0.000927 0.000927 0.000927 0.000927 0.000927 0.204819 0.158480 0.000927 0.353105 0.000927 0.000927 0.000927 
0.000594 0.000594 0.368765 0.042162 0.000594 0.018409 0.000594 0.000594 0.003563 0.000594 0.000594 0.000594 0.006532 0.000594 0.000594 0.552850 0.000594 0.000594 0.000594 
0.001076 0.006459 0.367061 0.044133 0.001076 0.006459 0.001076 0.001076 0.001076 0.006459 0.001076 0.001076 0.044133 0.173305 0.001076 0.340151 0.001076 0.001076 0.001076 
0.000327 0.000327 0.438379 0.029748 0.001961 0.000327 0.000327 0.000327 0.000327 0.000327 0.000327 0.000327 0.000327 0.176855 0.000327 0.348480 0.000327 0.000327 0.000327 
0.000339 0.000339 0.453035 0.000339 0.030858 0.013903 0.000339 0.002035 0.000339 0.000339 0.000339 0.052899 0.000339 0.130892 0.002035 0.310614 0.000339 0.000339 0.000339 
0.001263 0.000115 0.391664 0.000689 0.000115 0.000115 0.000115 0.000115 0.002411 0.000689 0.001263 0.000115 0.004134 0.079917 0.000115 0.516822 0.000115 0.000115 0.000115 
0.000648 0.000648 0.457254 0.033031 0.007124 0.016839 0.000648 0.003886 0.007124 0.000648 0.000648 0.000648 0.000648 0.055699 0.000648 0.405440 0.000648 0.007124 0.000648 
0.002218 0.000202 0.514418 0.000202 0.119177 0.000202 0.000202 0.001210 0.000202 0.000202 0.000202 0.000202 0.000202 0.328897 0.000202 0.017342 0.000202 0.014317 0.000202 
0.000764 0.000764 0.333079 0.035141 0.000764 0.000764 0.000764 0.000764 0.038961 0.023682 0.000764 0.115355 0.000764 0.065699 0.012223 0.367456 0.000764 0.000764 0.000764 
0.003460 0.003460 0.366782 0.038062 0.089965 0.003460 0.003460 0.003460 0.003460 0.003460 0.020761 0.003460 0.003460 0.418685 0.003460 0.003460 0.003460 0.003460 0.020761 
0.019417 0.019417 0.001214 0.001214 0.001214 0.917476 0.001214 0.001214 0.001214 0.007282 0.013350 0.001214 0.001214 0.001214 0.007282 0.001214 0.001214 0.001214 0.001214 
0.000318 0.000318 0.529057 0.000318 0.000318 0.000318 0.000318 0.001905 0.005081 0.000318 0.000318 0.000318 0.005081 0.402032 0.000318 0.052715 0.000318 0.000318 0.000318 
0.000239 0.000239 0.430964 0.002632 0.000239 0.000239 0.000239 0.000239 0.011007 0.000239 0.002632 0.000239 0.056473 0.143814 0.002632 0.347212 0.000239 0.000239 0.000239 
0.004367 0.026201 0.288210 0.004367 0.310044 0.004367 0.004367 0.004367 0.004367 0.026201 0.004367 0.004367 0.026201 0.004367 0.004367 0.200873 0.069869 0.004367 0.004367 
0.001551 0.000097 0.321349 0.004942 0.099428 0.007365 0.000097 0.000097 0.000097 0.000097 0.000097 0.000097 0.048067 0.001066 0.000097 0.513228 0.000097 0.002035 0.000097 
0.000504 0.000504 0.353327 0.005544 0.000504 0.000504 0.003024 0.000504 0.000504 0.000504 0.000504 0.000504 0.005544 0.212198 0.000504 0.413810 0.000504 0.000504 0.000504 
0.001021 0.001021 0.281920 0.011236 0.006129 0.001021 0.001021 0.001021 0.001021 0.001021 0.001021 0.001021 0.021450 0.001021 0.001021 0.664964 0.001021 0.001021 0.001021 
0.000910 0.000910 0.410373 0.000910 0.000910 0.000910 0.000910 0.000910 0.000910 0.019108 0.000910 0.000910 0.000910 0.164695 0.000910 0.392175 0.000910 0.000910 0.000910 
0.004257 0.000387 0.497678 0.000387 0.116486 0.000387 0.000387 0.000387 0.000387 0.000387 0.000387 0.000387 0.000387 0.344814 0.000387 0.027477 0.000387 0.004257 0.000387 
0.001229 0.001229 0.498771 0.001229 0.038084 0.001229 0.001229 0.001229 0.007371 0.001229 0.001229 0.001229 0.001229 0.388206 0.019656 0.031941 0.001229 0.001229 0.001229 
0.000276 0.000276 0.463852 0.000276 0.001656 0.000276 0.000276 0.000276 0.000276 0.000276 0.003035 0.000276 0.000276 0.157561 0.000276 0.370033 0.000276 0.000276 0.000276 
0.000332 0.000332 0.497175 0.000332 0.033566 0.000332 0.001994 0.000332 0.000332 0.000332 0.000332 0.000332 0.000332 0.322699 0.005317 0.129944 0.000332 0.000332 0.005317 
0.000434 0.000434 0.404080 0.000434 0.000434 0.002604 0.000434 0.000434 0.000434 0.000434 0.002604 0.002604 0.000434 0.000434 0.004774 0.577691 0.000434 0.000434 0.000434 
0.000373 0.000373 0.293393 0.007839 0.000373 0.000373 0.000373 0.000373 0.000373 0.002240 0.000373 0.047032 0.000373 0.270997 0.000373 0.371781 0.002240 0.000373 0.000373 
0.000205 0.000205 0.438244 0.001231 0.000205 0.036110 0.000205 0.000205 0.000205 0.001231 0.000205 0.000205 0.000205 0.173574 0.000205 0.346943 0.000205 0.000205 0.000205 
0.001094 0.001094 0.001094 0.001094 0.001094 0.969365 0.006565 0.001094 0.001094 0.001094 0.001094 0.001094 0.001094 0.001094 0.001094 0.001094 0.001094 0.001094 0.006565 
0.001157 0.001157 0.001157 0.001157 0.001157 0.979167 0.001157 0.001157 0.001157 0.001157 0.001157 0.001157 0.001157 0.001157 0.001157 0.001157 0.001157 0.001157 0.001157 
0.000174 0.000174 0.529831 0.001044 0.094103 0.000174 0.001044 0.000174 0.000174 0.000174 0.000174 0.001044 0.000174 0.102800 0.000174 0.245434 0.022787 0.000174 0.000174 
0.000230 0.001383 0.466928 0.000230 0.088961 0.050933 0.000230 0.000230 0.001383 0.004840 0.000230 0.000230 0.000230 0.087808 0.000230 0.295229 0.000230 0.000230 0.000230 
0.001138 0.001138 0.365188 0.058020 0.058020 0.001138 0.001138 0.001138 0.001138 0.001138 0.001138 0.001138 0.001138 0.478953 0.001138 0.001138 0.001138 0.018203 0.006826 
0.001805 0.001805 0.227437 0.245487 0.001805 0.001805 0.001805 0.010830 0.001805 0.019856 0.001805 0.001805 0.164260 0.001805 0.001805 0.308664 0.001805 0.001805 0.001805 
0.000435 0.000435 0.374511 0.000435 0.000435 0.000435 0.000435 0.000435 0.000435 0.000435 0.000435 0.000435 0.000435 0.026533 0.000435 0.591997 0.000435 0.000435 0.000435 
0.004341 0.000395 0.312155 0.026046 0.002368 0.000395 0.000395 0.000395 0.000395 0.002368 0.000395 0.000395 0.010260 0.181926 0.004341 0.450276 0.000395 0.002368 0.000395 
0.000514 0.000514 0.273148 0.000514 0.000514 0.000514 0.000514 0.000514 0.000514 0.000514 0.000514 0.000514 0.448045 0.028807 0.000514 0.242284 0.000514 0.000514 0.000514 
0.000443 0.000443 0.496237 0.000443 0.000443 0.002656 0.000443 0.000443 0.000443 0.000443 0.000443 0.040283 0.000443 0.343515 0.002656 0.108898 0.000443 0.000443 0.000443 
0.000366 0.000366 0.415508 0.000366 0.046086 0.014996 0.000366 0.000366 0.000366 0.000366 0.000366 0.000366 0.079005 0.031456 0.000366 0.408193 0.000366 0.000366 0.000366 
0.005133 0.000855 0.343028 0.000855 0.000855 0.000855 0.009410 0.000855 0.000855 0.005133 0.000855 0.000855 0.124893 0.005133 0.000855 0.492729 0.005133 0.000855 0.000855 
0.000547 0.000547 0.451613 0.000547 0.000547 0.027884 0.000547 0.000547 0.000547 0.000547 0.006014 0.000547 0.000547 0.060689 0.000547 0.446145 0.000547 0.000547 0.000547 
0.000364 0.000364 0.511459 0.000364 0.007639 0.000364 0.002183 0.000364 0.000364 0.000364 0.000364 0.000364 0.000364 0.336850 0.000364 0.136777 0.000364 0.000364 0.000364 
0.000360 0.000360 0.518532 0.000360 0.000360 0.000360 0.000360 0.000360 0.000360 0.005757 0.000360 0.000360 0.000360 0.397985 0.011155 0.056135 0.002159 0.000360 0.003958 
0.000720 0.000720 0.400288 0.000720 0.000720 0.000720 0.000720 0.000720 0.000720 0.000720 0.004320 0.000720 0.011519 0.069114 0.000720 0.501080 0.004320 0.000720 0.000720 
0.000322 0.000322 0.395947 0.005146 0.000322 0.003538 0.000322 0.000322 0.000322 0.000322 0.000322 0.011579 0.005146 0.202959 0.000322 0.362174 0.000322 0.008363 0.001930 
0.000468 0.000468 0.400187 0.005143 0.000468 0.000468 0.000468 0.000468 0.000468 0.000468 0.000468 0.007480 0.000468 0.187471 0.000468 0.388499 0.005143 0.000468 0.000468 
0.001318 0.001318 0.205534 0.001318 0.001318 0.001318 0.007905 0.001318 0.014493 0.001318 0.001318 0.007905 0.133070 0.126482 0.001318 0.475626 0.001318 0.014493 0.001318 
0.023471 0.000385 0.496730 0.000385 0.019623 0.000385 0.000385 0.002309 0.000385 0.004232 0.000385 0.000385 0.000385 0.060023 0.000385 0.388996 0.000385 0.000385 0.000385 
0.000358 0.000358 0.528275 0.002147 0.000358 0.000358 0.003937 0.002147 0.000358 0.000358 0.002147 0.000358 0.002147 0.054044 0.000358 0.401217 0.000358 0.000358 0.000358 
0.000940 0.000940 0.348684 0.000940 0.000940 0.024436 0.000940 0.000940 0.000940 0.000940 0.000940 0.000940 0.000940 0.127820 0.005639 0.480263 0.000940 0.000940 0.000940 
0.001353 0.000226 0.407307 0.000226 0.001353 0.001353 0.001353 0.000226 0.006991 0.002481 0.000226 0.008119 0.000226 0.536987 0.000226 0.020523 0.000226 0.010374 0.000226 
0.000914 0.000914 0.393967 0.005484 0.083181 0.165448 0.000914 0.000914 0.000914 0.000914 0.000914 0.000914 0.014625 0.055759 0.000914 0.261426 0.010055 0.000914 0.000914 
0.000350 0.000350 0.250437 0.003847 0.000350 0.000350 0.000350 0.000350 0.000350 0.000350 0.000350 0.061560 0.000350 0.525009 0.000350 0.152501 0.000350 0.002099 0.000350 
0.002368 0.000395 0.404893 0.000395 0.108919 0.000395 0.000395 0.000395 0.000395 0.000395 0.000395 0.000395 0.004341 0.075375 0.000395 0.398974 0.000395 0.000395 0.000395 
0.006985 0.001164 0.006985 0.001164 0.001164 0.967404 0.001164 0.001164 0.001164 0.001164 0.001164 0.001164 0.001164 0.001164 0.001164 0.001164 0.001164 0.001164 0.001164 
0.000262 0.000262 0.404289 0.000262 0.000262 0.031642 0.001569 0.000262 0.000262 0.001569 0.000262 0.000262 0.008107 0.425209 0.000262 0.124477 0.000262 0.000262 0.000262 
0.000700 0.000700 0.315605 0.014696 0.004199 0.091672 0.000700 0.000700 0.000700 0.000700 0.000700 0.000700 0.000700 0.427572 0.000700 0.137159 0.000700 0.000700 0.000700 
0.000503 0.000503 0.352438 0.003017 0.000503 0.000503 0.000503 0.000503 0.000503 0.000503 0.013072 0.000503 0.015586 0.000503 0.000503 0.608849 0.000503 0.000503 0.000503 
0.000554 0.000554 0.541020 0.000554 0.000554 0.000554 0.000554 0.000554 0.000554 0.000554 0.000554 0.000554 0.025499 0.033814 0.000554 0.391353 0.000554 0.000554 0.000554 
0.000625 0.000625 0.282051 0.000625 0.003752 0.000625 0.000625 0.000625 0.003752 0.006879 0.000625 0.000625 0.000625 0.000625 0.000625 0.691682 0.003752 0.000625 0.000625 
0.000201 0.000201 0.297341 0.009267 0.051571 0.001209 0.000201 0.000201 0.000201 0.000201 0.000201 0.000201 0.343674 0.000201 0.000201 0.293312 0.000201 0.001209 0.000201 
0.002203 0.002203 0.795154 0.002203 0.002203 0.013216 0.002203 0.002203 0.002203 0.046256 0.002203 0.013216 0.002203 0.002203 0.002203 0.101322 0.002203 0.002203 0.002203 
0.003270 0.000297 0.420927 0.000297 0.000297 0.000297 0.000297 0.000297 0.000297 0.000297 0.000297 0.000297 0.000297 0.551724 0.000297 0.019620 0.000297 0.000297 0.000297 
0.000437 0.006990 0.140236 0.002621 0.000437 0.000437 0.000437 0.000437 0.000437 0.000437 0.000437 0.127130 0.000437 0.612058 0.000437 0.105286 0.000437 0.000437 0.000437 
0.001653 0.000276 0.485258 0.001653 0.000276 0.000276 0.003031 0.001653 0.001653 0.000276 0.000276 0.000276 0.001653 0.106365 0.000276 0.394324 0.000276 0.000276 0.000276 
0.000646 0.000646 0.365397 0.013557 0.003873 0.045836 0.000646 0.000646 0.000646 0.000646 0.000646 0.013557 0.000646 0.065203 0.007101 0.478373 0.000646 0.000646 0.000646 
