0.006904 0.001151 0.139241 0.432681 0.001151 0.001151 0.001151 0.006904 0.001151 0.001151 0.001151 0.001151 0.029919 0.001151 0.001151 0.369390 0.001151 0.001151 0.001151 
0.003086 0.003086 0.157407 0.327160 0.003086 0.018519 0.342593 0.003086 0.003086 0.003086 0.018519 0.018519 0.064815 0.003086 0.003086 0.003086 0.018519 0.003086 0.003086 
0.001244 0.013682 0.100746 0.050995 0.218905 0.001244 0.560945 0.001244 0.001244 0.001244 0.001244 0.001244 0.032338 0.007463 0.001244 0.001244 0.001244 0.001244 0.001244 
0.000622 0.000622 0.047234 0.016159 0.215040 0.000622 0.584835 0.000622 0.006837 0.000622 0.000622 0.000622 0.115600 0.000622 0.000622 0.000622 0.000622 0.000622 0.006837 
0.001259 0.026448 0.530227 0.001259 0.001259 0.284635 0.070529 0.001259 0.001259 0.013854 0.001259 0.001259 0.001259 0.001259 0.001259 0.051637 0.001259 0.007557 0.001259 
0.001391 0.001391 0.105702 0.001391 0.001391 0.001391 0.550765 0.001391 0.001391 0.001391 0.001391 0.001391 0.321280 0.001391 0.001391 0.001391 0.001391 0.001391 0.001391 
0.000352 0.000352 0.220500 0.000352 0.123635 0.000352 0.197605 0.000352 0.000352 0.000352 0.007397 0.000352 0.440648 0.000352 0.002113 0.003875 0.000352 0.000352 0.000352 
0.001214 0.007282 0.158981 0.086165 0.274272 0.001214 0.413835 0.007282 0.001214 0.013350 0.001214 0.001214 0.001214 0.001214 0.001214 0.001214 0.001214 0.013350 0.013350 
0.000801 0.004804 0.313050 0.000801 0.128903 0.457166 0.068855 0.000801 0.000801 0.000801 0.004804 0.000801 0.000801 0.000801 0.008807 0.004804 0.000801 0.000801 0.000801 
0.001669 0.001669 0.001669 0.010017 0.001669 0.001669 0.544240 0.001669 0.010017 0.001669 0.001669 0.001669 0.410684 0.001669 0.001669 0.001669 0.001669 0.001669 0.001669 
0.000456 0.000456 0.155424 0.823154 0.007293 0.000456 0.000456 0.000456 0.000456 0.000456 0.000456 0.000456 0.005014 0.002735 0.000456 0.000456 0.000456 0.000456 0.000456 
0.000391 0.000391 0.182102 0.668621 0.000391 0.000391 0.123486 0.000391 0.000391 0.008206 0.000391 0.000391 0.000391 0.002345 0.000391 0.000391 0.004299 0.000391 0.006252 
0.000752 0.000752 0.030850 0.102333 0.230248 0.000752 0.444695 0.000752 0.000752 0.000752 0.008277 0.000752 0.000752 0.000752 0.000752 0.000752 0.000752 0.000752 0.173815 
0.000739 0.000739 0.074594 0.000739 0.237075 0.000739 0.646972 0.000739 0.000739 0.000739 0.004431 0.000739 0.000739 0.019202 0.000739 0.008124 0.000739 0.000739 0.000739 
0.000639 0.000639 0.336317 0.384271 0.003836 0.000639 0.256394 0.000639 0.010230 0.000639 0.000639 0.000639 0.000639 0.000639 0.000639 0.000639 0.000639 0.000639 0.000639 
0.000544 0.000544 0.218053 0.742795 0.000544 0.000544 0.000544 0.000544 0.003263 0.000544 0.000544 0.019576 0.000544 0.000544 0.000544 0.005982 0.000544 0.000544 0.003263 
0.004367 0.069869 0.135371 0.004367 0.004367 0.004367 0.113537 0.004367 0.004367 0.004367 0.004367 0.091703 0.004367 0.288210 0.004367 0.244541 0.004367 0.004367 0.004367 
0.000705 0.000705 0.109937 0.131078 0.000705 0.000705 0.730092 0.011276 0.000705 0.000705 0.000705 0.000705 0.000705 0.000705 0.007752 0.000705 0.000705 0.000705 0.000705 
0.000688 0.000688 0.162311 0.822558 0.000688 0.000688 0.000688 0.000688 0.000688 0.000688 0.000688 0.000688 0.000688 0.000688 0.000688 0.000688 0.004127 0.000688 0.000688 
0.000513 0.000513 0.038994 0.890713 0.000513 0.000513 0.044125 0.000513 0.000513 0.000513 0.000513 0.000513 0.005644 0.008209 0.000513 0.005644 0.000513 0.000513 0.000513 
0.002710 0.002710 0.002710 0.327913 0.002710 0.002710 0.490515 0.002710 0.002710 0.002710 0.002710 0.002710 0.002710 0.043360 0.002710 0.084011 0.002710 0.002710 0.016260 
0.000158 0.001734 0.307535 0.450977 0.001734 0.000158 0.000158 0.000158 0.000158 0.000158 0.000158 0.223991 0.000158 0.000946 0.000158 0.011192 0.000158 0.000158 0.000158 
0.000311 0.003423 0.493466 0.008090 0.092097 0.008090 0.074984 0.000311 0.000311 0.003423 0.000311 0.015868 0.000311 0.000311 0.000311 0.291226 0.003423 0.003423 0.000311 
0.007326 0.001221 0.294261 0.391941 0.001221 0.001221 0.007326 0.001221 0.001221 0.001221 0.001221 0.001221 0.001221 0.001221 0.007326 0.275946 0.001221 0.001221 0.001221 
0.001353 0.001353 0.082544 0.820027 0.001353 0.001353 0.001353 0.001353 0.001353 0.001353 0.001353 0.062246 0.008119 0.001353 0.001353 0.008119 0.001353 0.001353 0.001353 
0.000449 0.002692 0.370570 0.000449 0.000449 0.000449 0.152983 0.000449 0.000449 0.000449 0.000449 0.000449 0.002692 0.000449 0.000449 0.462539 0.000449 0.000449 0.002692 
0.000972 0.000972 0.219631 0.000972 0.107872 0.000972 0.637512 0.000972 0.000972 0.000972 0.000972 0.000972 0.005831 0.005831 0.000972 0.005831 0.000972 0.005831 0.000972 
0.001206 0.019300 0.429433 0.001206 0.001206 0.465621 0.043426 0.001206 0.001206 0.007238 0.001206 0.001206 0.001206 0.001206 0.007238 0.007238 0.007238 0.001206 0.001206 
0.215348 0.000402 0.484532 0.000402 0.000402 0.000402 0.237445 0.000402 0.000402 0.000402 0.000402 0.012455 0.000402 0.002411 0.006428 0.032543 0.004419 0.000402 0.000402 
0.000286 0.000286 0.147471 0.646185 0.000286 0.001715 0.196056 0.000286 0.000286 0.001715 0.000286 0.000286 0.000286 0.000286 0.001715 0.000286 0.000286 0.000286 0.001715 
0.008646 0.015850 0.138329 0.001441 0.001441 0.051873 0.707493 0.008646 0.001441 0.001441 0.001441 0.001441 0.051873 0.001441 0.001441 0.001441 0.001441 0.001441 0.001441 
0.030572 0.000986 0.065089 0.025641 0.360947 0.000986 0.503945 0.000986 0.000986 0.000986 0.000986 0.000986 0.000986 0.000986 0.000986 0.000986 0.000986 0.000986 0.000986 
0.000848 0.000848 0.195929 0.331637 0.000848 0.000848 0.157761 0.000848 0.017812 0.000848 0.000848 0.000848 0.072943 0.000848 0.000848 0.212892 0.000848 0.000848 0.000848 
0.039261 0.012317 0.381832 0.212471 0.000770 0.035412 0.096998 0.016166 0.000770 0.000770 0.000770 0.020015 0.000770 0.108545 0.046959 0.000770 0.000770 0.000770 0.023865 
0.001381 0.001381 0.125691 0.104972 0.070442 0.001381 0.678177 0.001381 0.001381 0.001381 0.001381 0.001381 0.001381 0.001381 0.001381 0.001381 0.001381 0.001381 0.001381 
0.000935 0.000935 0.248831 0.431244 0.000935 0.000935 0.276894 0.000935 0.000935 0.000935 0.000935 0.000935 0.000935 0.000935 0.000935 0.000935 0.028999 0.000935 0.000935 
0.001908 0.001908 0.192748 0.059160 0.030534 0.001908 0.345420 0.011450 0.001908 0.001908 0.001908 0.001908 0.135496 0.049618 0.001908 0.145038 0.011450 0.001908 0.001908 
0.000516 0.000516 0.459515 0.000516 0.000516 0.000516 0.485302 0.023724 0.000516 0.000516 0.000516 0.000516 0.000516 0.000516 0.000516 0.021145 0.000516 0.000516 0.003094 
0.000648 0.000648 0.156088 0.071891 0.000648 0.000648 0.515544 0.000648 0.000648 0.000648 0.000648 0.007124 0.178756 0.023316 0.000648 0.039508 0.000648 0.000648 0.000648 
0.001362 0.001362 0.232970 0.110354 0.028610 0.008174 0.055858 0.001362 0.049046 0.008174 0.001362 0.001362 0.471390 0.001362 0.001362 0.008174 0.001362 0.001362 0.014986 
0.000403 0.000403 0.330515 0.000403 0.000403 0.000403 0.074879 0.000403 0.000403 0.000403 0.000403 0.000403 0.588164 0.000403 0.000403 0.000403 0.000403 0.000403 0.000403 
0.007752 0.007752 0.240310 0.356589 0.007752 0.007752 0.279070 0.007752 0.007752 0.007752 0.007752 0.007752 0.007752 0.007752 0.007752 0.007752 0.007752 0.007752 0.007752 
0.001144 0.001144 0.407323 0.458810 0.001144 0.001144 0.018307 0.006865 0.001144 0.001144 0.001144 0.069794 0.001144 0.001144 0.001144 0.018307 0.001144 0.001144 0.006865 
0.000185 0.000185 0.368772 0.584553 0.024264 0.000185 0.002037 0.000185 0.003890 0.000185 0.000185 0.012224 0.001111 0.000185 0.000185 0.000185 0.000185 0.001111 0.000185 
0.089588 0.004843 0.444713 0.000807 0.012914 0.000807 0.230831 0.000807 0.000807 0.125908 0.000807 0.077482 0.000807 0.000807 0.000807 0.000807 0.004843 0.000807 0.000807 
0.000776 0.012413 0.167572 0.000776 0.260667 0.000776 0.547711 0.000776 0.000776 0.000776 0.000776 0.000776 0.000776 0.000776 0.000776 0.000776 0.000776 0.000776 0.000776 
0.000391 0.000391 0.469324 0.090270 0.037515 0.000391 0.383353 0.006252 0.002345 0.000391 0.000391 0.002345 0.000391 0.000391 0.002345 0.000391 0.000391 0.000391 0.002345 
0.000258 0.000258 0.170625 0.227414 0.248064 0.000258 0.350026 0.000258 0.000258 0.000258 0.000258 0.000258 0.000258 0.000258 0.000258 0.000258 0.000258 0.000258 0.000258 
0.001119 0.001119 0.269575 0.616331 0.001119 0.001119 0.012304 0.040268 0.001119 0.006711 0.012304 0.023490 0.001119 0.001119 0.001119 0.006711 0.001119 0.001119 0.001119 
0.000561 0.000561 0.193946 0.297646 0.000561 0.000561 0.479821 0.000561 0.000561 0.000561 0.014574 0.000561 0.000561 0.000561 0.000561 0.006166 0.000561 0.000561 0.000561 
0.000406 0.000406 0.454951 0.000406 0.126218 0.002435 0.256088 0.004464 0.000406 0.000406 0.000406 0.000406 0.138393 0.000406 0.002435 0.000406 0.000406 0.000406 0.010552 
0.001318 0.001318 0.001318 0.976285 0.001318 0.001318 0.001318 0.001318 0.001318 0.001318 0.001318 0.001318 0.001318 0.001318 0.001318 0.001318 0.001318 0.001318 0.001318 
0.001082 0.022727 0.228355 0.001082 0.076840 0.001082 0.623377 0.001082 0.001082 0.001082 0.006494 0.001082 0.006494 0.001082 0.001082 0.001082 0.001082 0.001082 0.022727 
0.001362 0.001362 0.089918 0.294278 0.321526 0.001362 0.198910 0.001362 0.001362 0.001362 0.001362 0.001362 0.001362 0.001362 0.001362 0.076294 0.001362 0.001362 0.001362 
0.007242 0.000658 0.138907 0.596445 0.148782 0.000658 0.000658 0.000658 0.000658 0.020408 0.000658 0.073074 0.003950 0.000658 0.000658 0.003950 0.000658 0.000658 0.000658 
0.001300 0.001300 0.235371 0.690507 0.001300 0.001300 0.001300 0.001300 0.001300 0.001300 0.001300 0.001300 0.001300 0.001300 0.001300 0.040312 0.014304 0.001300 0.001300 
0.001577 0.001577 0.277603 0.388013 0.001577 0.001577 0.309148 0.001577 0.001577 0.001577 0.001577 0.001577 0.001577 0.001577 0.001577 0.001577 0.001577 0.001577 0.001577 
0.003937 0.062992 0.062992 0.003937 0.043307 0.003937 0.594488 0.003937 0.003937 0.003937 0.003937 0.003937 0.003937 0.003937 0.161417 0.023622 0.003937 0.003937 0.003937 
0.001292 0.007752 0.356589 0.007752 0.001292 0.595607 0.001292 0.001292 0.001292 0.001292 0.001292 0.001292 0.001292 0.001292 0.001292 0.001292 0.014212 0.001292 0.001292 
0.000573 0.000573 0.055046 0.470757 0.000573 0.003440 0.439220 0.000573 0.000573 0.000573 0.000573 0.012041 0.000573 0.000573 0.003440 0.000573 0.000573 0.000573 0.009174 
0.006787 0.001131 0.035068 0.001131 0.006787 0.063348 0.866516 0.001131 0.001131 0.001131 0.001131 0.006787 0.001131 0.001131 0.001131 0.001131 0.001131 0.001131 0.001131 
0.003788 0.003788 0.098485 0.003788 0.022727 0.041667 0.136364 0.003788 0.003788 0.003788 0.041667 0.022727 0.174242 0.003788 0.003788 0.420455 0.003788 0.003788 0.003788 
0.003135 0.018809 0.003135 0.018809 0.144201 0.003135 0.771160 0.003135 0.003135 0.003135 0.003135 0.003135 0.003135 0.003135 0.003135 0.003135 0.003135 0.003135 0.003135 
0.000710 0.000710 0.391057 0.000710 0.124911 0.000710 0.217175 0.195884 0.000710 0.000710 0.000710 0.000710 0.000710 0.000710 0.000710 0.000710 0.053939 0.004258 0.004258 
0.000886 0.000886 0.151461 0.651904 0.000886 0.009743 0.173605 0.000886 0.000886 0.000886 0.000886 0.000886 0.000886 0.000886 0.000886 0.000886 0.000886 0.000886 0.000886 
0.001244 0.001244 0.088308 0.859453 0.001244 0.001244 0.001244 0.001244 0.001244 0.001244 0.001244 0.001244 0.001244 0.001244 0.001244 0.001244 0.001244 0.007463 0.026119 
0.000918 0.000918 0.313131 0.000918 0.005510 0.000918 0.037649 0.000918 0.000918 0.000918 0.000918 0.000918 0.000918 0.028466 0.000918 0.602388 0.000918 0.000918 0.000918 
0.000219 0.000219 0.422169 0.017709 0.000219 0.260385 0.251640 0.001312 0.000219 0.000219 0.000219 0.000219 0.000219 0.000219 0.000219 0.033013 0.006777 0.004591 0.000219 
0.000639 0.000639 0.003836 0.000639 0.540921 0.000639 0.390665 0.000639 0.007033 0.000639 0.000639 0.000639 0.048593 0.000639 0.000639 0.000639 0.000639 0.000639 0.000639 
0.000450 0.000450 0.492806 0.002698 0.007194 0.000450 0.043165 0.002698 0.004946 0.000450 0.000450 0.000450 0.000450 0.000450 0.002698 0.438849 0.000450 0.000450 0.000450 
0.001082 0.001082 0.309524 0.147186 0.006494 0.504329 0.001082 0.001082 0.001082 0.001082 0.011905 0.006494 0.001082 0.001082 0.001082 0.001082 0.001082 0.001082 0.001082 
0.000755 0.000755 0.374622 0.155589 0.008308 0.000755 0.438822 0.000755 0.004532 0.000755 0.000755 0.000755 0.000755 0.000755 0.008308 0.000755 0.000755 0.000755 0.000755 
0.000776 0.000776 0.035687 0.000776 0.439100 0.000776 0.501164 0.004655 0.000776 0.000776 0.000776 0.000776 0.000776 0.000776 0.000776 0.000776 0.000776 0.004655 0.004655 
0.000728 0.000728 0.328239 0.226346 0.004367 0.000728 0.000728 0.048035 0.000728 0.000728 0.000728 0.000728 0.000728 0.000728 0.004367 0.379185 0.000728 0.000728 0.000728 
0.000882 0.000882 0.441799 0.044974 0.000882 0.000882 0.393298 0.000882 0.000882 0.000882 0.000882 0.009700 0.089065 0.005291 0.000882 0.000882 0.000882 0.005291 0.000882 
0.000311 0.000311 0.295433 0.022057 0.290774 0.000311 0.379310 0.000311 0.000311 0.000311 0.000311 0.001864 0.000311 0.000311 0.000311 0.003417 0.000311 0.000311 0.003417 
0.000725 0.000725 0.298042 0.000725 0.120377 0.497462 0.044235 0.000725 0.007977 0.000725 0.000725 0.000725 0.015228 0.007977 0.000725 0.000725 0.000725 0.000725 0.000725 
0.000874 0.005245 0.298077 0.118881 0.000874 0.193182 0.000874 0.000874 0.000874 0.005245 0.044580 0.245629 0.000874 0.000874 0.000874 0.000874 0.022727 0.057692 0.000874 
0.000622 0.000622 0.187073 0.236793 0.000622 0.003729 0.550653 0.000622 0.000622 0.000622 0.000622 0.003729 0.000622 0.000622 0.003729 0.000622 0.006837 0.000622 0.000622 
0.000596 0.000596 0.232877 0.468136 0.045265 0.000596 0.215009 0.000596 0.000596 0.000596 0.003574 0.000596 0.000596 0.021441 0.000596 0.003574 0.003574 0.000596 0.000596 
0.001642 0.001642 0.198686 0.001642 0.001642 0.001642 0.642036 0.001642 0.001642 0.001642 0.001642 0.001642 0.075534 0.050903 0.009852 0.001642 0.001642 0.001642 0.001642 
0.009174 0.001529 0.093272 0.116208 0.001529 0.001529 0.230887 0.001529 0.047401 0.001529 0.001529 0.001529 0.475535 0.001529 0.001529 0.009174 0.001529 0.001529 0.001529 
0.000381 0.000381 0.463415 0.000381 0.000381 0.000381 0.051829 0.000381 0.000381 0.000381 0.000381 0.000381 0.000381 0.000381 0.000381 0.478659 0.000381 0.000381 0.000381 
0.000304 0.000304 0.182453 0.006375 0.265938 0.000304 0.243169 0.001821 0.000304 0.000304 0.000304 0.001821 0.000304 0.293260 0.000304 0.001821 0.000304 0.000304 0.000304 
0.000752 0.000752 0.264108 0.471031 0.000752 0.000752 0.004515 0.000752 0.000752 0.000752 0.000752 0.000752 0.000752 0.000752 0.000752 0.241535 0.000752 0.000752 0.008277 
0.000931 0.000931 0.229050 0.135940 0.014898 0.000931 0.433892 0.000931 0.000931 0.000931 0.005587 0.000931 0.168529 0.000931 0.000931 0.000931 0.000931 0.000931 0.000931 
0.005163 0.000323 0.342369 0.051952 0.037431 0.484350 0.043885 0.000323 0.000323 0.000323 0.000323 0.000323 0.019684 0.000323 0.000323 0.000323 0.000323 0.000323 0.011617 
0.000654 0.000654 0.000654 0.968607 0.013734 0.000654 0.000654 0.000654 0.007194 0.000654 0.000654 0.000654 0.000654 0.000654 0.000654 0.000654 0.000654 0.000654 0.000654 
0.001318 0.001318 0.073781 0.857708 0.001318 0.001318 0.007905 0.001318 0.001318 0.001318 0.001318 0.040843 0.001318 0.001318 0.001318 0.001318 0.001318 0.001318 0.001318 
0.001326 0.007958 0.100796 0.259947 0.007958 0.007958 0.147215 0.001326 0.007958 0.001326 0.001326 0.001326 0.014589 0.001326 0.001326 0.432361 0.001326 0.001326 0.001326 
0.000820 0.050041 0.292043 0.000820 0.000820 0.000820 0.308450 0.000820 0.037736 0.000820 0.033634 0.103363 0.000820 0.004922 0.152584 0.000820 0.000820 0.009024 0.000820 
0.010830 0.001805 0.074007 0.353791 0.037906 0.001805 0.101083 0.001805 0.001805 0.001805 0.001805 0.001805 0.001805 0.146209 0.001805 0.254513 0.001805 0.001805 0.001805 
0.000695 0.000695 0.247394 0.129256 0.000695 0.000695 0.567060 0.000695 0.000695 0.000695 0.004170 0.004170 0.000695 0.000695 0.000695 0.038916 0.000695 0.000695 0.000695 
0.016239 0.000524 0.380304 0.000524 0.105291 0.021477 0.430068 0.000524 0.000524 0.005762 0.000524 0.000524 0.000524 0.000524 0.000524 0.000524 0.003143 0.000524 0.031954 
0.001157 0.001157 0.018519 0.001157 0.226852 0.001157 0.712963 0.001157 0.001157 0.001157 0.001157 0.001157 0.024306 0.001157 0.001157 0.001157 0.001157 0.001157 0.001157 
0.004375 0.000398 0.382259 0.191329 0.004375 0.006364 0.370326 0.000398 0.000398 0.000398 0.000398 0.000398 0.000398 0.000398 0.002387 0.034208 0.000398 0.000398 0.000398 
0.000422 0.000422 0.340228 0.120726 0.000422 0.000422 0.000422 0.008864 0.000422 0.000422 0.000422 0.000422 0.004643 0.013086 0.000422 0.504854 0.000422 0.002533 0.000422 
0.000245 0.000245 0.409659 0.000245 0.016180 0.000245 0.564109 0.000245 0.001471 0.000245 0.000245 0.000245 0.000245 0.000245 0.000245 0.000245 0.003923 0.000245 0.001471 
0.002674 0.002674 0.069519 0.885027 0.002674 0.002674 0.002674 0.002674 0.002674 0.002674 0.002674 0.002674 0.002674 0.002674 0.002674 0.002674 0.002674 0.002674 0.002674 
0.001391 0.001391 0.063978 0.349096 0.008345 0.001391 0.550765 0.001391 0.008345 0.001391 0.001391 0.001391 0.001391 0.001391 0.001391 0.001391 0.001391 0.001391 0.001391 
0.000940 0.000940 0.000940 0.000940 0.156015 0.005639 0.555451 0.000940 0.000940 0.000940 0.015038 0.000940 0.226504 0.005639 0.000940 0.000940 0.024436 0.000940 0.000940 
0.000923 0.000923 0.000923 0.005535 0.268450 0.000923 0.642066 0.005535 0.000923 0.000923 0.000923 0.000923 0.000923 0.047048 0.000923 0.005535 0.014760 0.000923 0.000923 
0.000444 0.000444 0.000444 0.000444 0.406389 0.000444 0.515084 0.000444 0.000444 0.000444 0.002662 0.000444 0.069210 0.000444 0.000444 0.000444 0.000444 0.000444 0.000444 
0.000810 0.000810 0.000810 0.000810 0.547812 0.000810 0.223663 0.000810 0.000810 0.000810 0.000810 0.000810 0.025122 0.000810 0.000810 0.000810 0.000810 0.004862 0.187196 
0.000510 0.000510 0.230219 0.005615 0.105156 0.003063 0.610516 0.036243 0.000510 0.000510 0.000510 0.000510 0.000510 0.000510 0.000510 0.000510 0.003063 0.000510 0.000510 
0.000596 0.006552 0.069089 0.209053 0.000596 0.000596 0.354973 0.006552 0.000596 0.018463 0.000596 0.000596 0.322216 0.000596 0.006552 0.000596 0.000596 0.000596 0.000596 
0.000807 0.000807 0.061340 0.093624 0.000807 0.000807 0.319613 0.000807 0.000807 0.000807 0.000807 0.025020 0.485069 0.000807 0.004843 0.000807 0.000807 0.000807 0.000807 
0.002045 0.002045 0.002045 0.247444 0.114519 0.002045 0.574642 0.002045 0.002045 0.002045 0.002045 0.002045 0.002045 0.002045 0.002045 0.002045 0.032720 0.002045 0.002045 
0.000886 0.000886 0.381754 0.000886 0.000886 0.567759 0.018601 0.000886 0.000886 0.000886 0.000886 0.018601 0.000886 0.000886 0.000886 0.000886 0.000886 0.000886 0.000886 
0.001684 0.001684 0.010101 0.001684 0.228956 0.001684 0.363636 0.001684 0.001684 0.001684 0.001684 0.001684 0.338384 0.010101 0.001684 0.010101 0.018519 0.001684 0.001684 
0.006565 0.001094 0.001094 0.006565 0.230853 0.001094 0.706783 0.001094 0.001094 0.001094 0.001094 0.001094 0.001094 0.028446 0.006565 0.001094 0.001094 0.001094 0.001094 
0.003470 0.000578 0.145171 0.061307 0.373626 0.000578 0.315789 0.000578 0.000578 0.000578 0.000578 0.000578 0.000578 0.000578 0.003470 0.090226 0.000578 0.000578 0.000578 
0.001553 0.001553 0.071429 0.017081 0.001553 0.001553 0.312112 0.001553 0.055901 0.001553 0.017081 0.024845 0.094720 0.001553 0.024845 0.358696 0.001553 0.009317 0.001553 
0.003788 0.000631 0.392045 0.006944 0.000631 0.003788 0.571970 0.000631 0.000631 0.003788 0.003788 0.000631 0.000631 0.000631 0.000631 0.000631 0.000631 0.000631 0.006944 
0.000572 0.000572 0.203545 0.755289 0.000572 0.000572 0.000572 0.000572 0.006289 0.000572 0.012007 0.000572 0.012007 0.003431 0.000572 0.000572 0.000572 0.000572 0.000572 
0.000914 0.000914 0.288848 0.092322 0.000914 0.000914 0.599634 0.005484 0.000914 0.000914 0.000914 0.000914 0.000914 0.000914 0.000914 0.000914 0.000914 0.000914 0.000914 
0.001037 0.001037 0.084025 0.011411 0.172199 0.006224 0.706432 0.001037 0.001037 0.001037 0.001037 0.001037 0.001037 0.001037 0.001037 0.001037 0.001037 0.001037 0.006224 
0.002304 0.002304 0.221198 0.693548 0.002304 0.013825 0.002304 0.002304 0.002304 0.002304 0.002304 0.002304 0.025346 0.002304 0.002304 0.013825 0.002304 0.002304 0.002304 
0.000371 0.000371 0.135857 0.791017 0.000371 0.000371 0.063474 0.000371 0.002227 0.000371 0.002227 0.000371 0.000371 0.000371 0.000371 0.000371 0.000371 0.000371 0.000371 
0.000614 0.003683 0.399632 0.000614 0.000614 0.000614 0.368938 0.074279 0.003683 0.000614 0.000614 0.022099 0.000614 0.000614 0.120319 0.000614 0.000614 0.000614 0.000614 
0.000559 0.000559 0.168250 0.573505 0.000559 0.000559 0.224148 0.000559 0.000559 0.000559 0.000559 0.000559 0.000559 0.000559 0.000559 0.022918 0.000559 0.000559 0.003354 
0.004030 0.000672 0.000672 0.000672 0.366689 0.000672 0.568167 0.000672 0.000672 0.000672 0.000672 0.000672 0.000672 0.051041 0.000672 0.000672 0.000672 0.000672 0.000672 
0.021685 0.000834 0.326105 0.484570 0.000834 0.000834 0.000834 0.000834 0.063386 0.005004 0.000834 0.038365 0.000834 0.000834 0.046706 0.000834 0.005004 0.000834 0.000834 
0.000906 0.000906 0.254529 0.567029 0.150362 0.000906 0.005435 0.000906 0.000906 0.000906 0.000906 0.000906 0.000906 0.000906 0.000906 0.000906 0.009964 0.000906 0.000906 
0.000434 0.000434 0.156684 0.503906 0.000434 0.000434 0.310764 0.000434 0.022135 0.000434 0.000434 0.000434 0.000434 0.000434 0.000434 0.000434 0.000434 0.000434 0.000434 
0.000712 0.000712 0.107550 0.702279 0.000712 0.000712 0.175214 0.000712 0.000712 0.000712 0.000712 0.000712 0.000712 0.000712 0.000712 0.000712 0.004274 0.000712 0.000712 
0.001214 0.001214 0.104369 0.201456 0.007282 0.001214 0.650485 0.001214 0.001214 0.001214 0.001214 0.001214 0.001214 0.001214 0.013350 0.007282 0.001214 0.001214 0.001214 
0.000449 0.000449 0.076716 0.837147 0.000449 0.000449 0.074473 0.000449 0.000449 0.000449 0.000449 0.000449 0.000449 0.000449 0.000449 0.000449 0.000449 0.004935 0.000449 
0.000705 0.000705 0.331924 0.145173 0.014799 0.000705 0.032417 0.004228 0.000705 0.000705 0.000705 0.000705 0.004228 0.000705 0.000705 0.458774 0.000705 0.000705 0.000705 
0.003963 0.000661 0.311096 0.241744 0.000661 0.000661 0.020476 0.000661 0.010568 0.000661 0.003963 0.073316 0.000661 0.000661 0.000661 0.324306 0.000661 0.000661 0.003963 
0.000652 0.000652 0.336375 0.033246 0.000652 0.000652 0.544980 0.000652 0.000652 0.000652 0.003911 0.000652 0.065841 0.000652 0.000652 0.007171 0.000652 0.000652 0.000652 
0.000132 0.002771 0.339887 0.521969 0.003431 0.000132 0.129437 0.000132 0.000132 0.000132 0.000132 0.000132 0.000132 0.000132 0.000132 0.000792 0.000132 0.000132 0.000132 
0.000255 0.000255 0.248084 0.001533 0.038579 0.000255 0.258304 0.000255 0.000255 0.000255 0.000255 0.001533 0.442259 0.000255 0.004088 0.002810 0.000255 0.000255 0.000255 
0.000424 0.000424 0.536668 0.040695 0.000424 0.000424 0.331072 0.004663 0.017380 0.011022 0.000424 0.036456 0.000424 0.000424 0.000424 0.015261 0.002543 0.000424 0.000424 
0.000991 0.000991 0.000991 0.000991 0.318137 0.000991 0.605550 0.000991 0.000991 0.000991 0.000991 0.000991 0.000991 0.015857 0.000991 0.000991 0.000991 0.005946 0.040634 
0.010638 0.000967 0.281431 0.112186 0.029981 0.005803 0.049323 0.000967 0.000967 0.000967 0.000967 0.000967 0.000967 0.005803 0.000967 0.494197 0.000967 0.000967 0.000967 
0.001071 0.006424 0.391863 0.022484 0.006424 0.006424 0.482869 0.001071 0.001071 0.001071 0.001071 0.001071 0.022484 0.006424 0.006424 0.011777 0.022484 0.006424 0.001071 
0.000352 0.000352 0.227145 0.745781 0.012658 0.000352 0.002110 0.000352 0.005626 0.000352 0.000352 0.000352 0.000352 0.000352 0.000352 0.000352 0.000352 0.002110 0.000352 
0.000210 0.000210 0.517632 0.026448 0.008606 0.000210 0.220613 0.004408 0.203820 0.000210 0.003359 0.005458 0.002309 0.000210 0.000210 0.005458 0.000210 0.000210 0.000210 
0.000202 0.001210 0.521476 0.041541 0.029441 0.000202 0.336963 0.000202 0.003226 0.000202 0.000202 0.030450 0.008268 0.005243 0.000202 0.012301 0.008268 0.000202 0.000202 
0.000804 0.000804 0.121383 0.615756 0.000804 0.000804 0.012862 0.000804 0.000804 0.004823 0.000804 0.000804 0.000804 0.000804 0.000804 0.233923 0.000804 0.000804 0.000804 
0.001284 0.020539 0.200257 0.238768 0.059050 0.001284 0.463415 0.001284 0.001284 0.001284 0.001284 0.001284 0.001284 0.001284 0.001284 0.001284 0.001284 0.001284 0.001284 
0.000392 0.010200 0.249510 0.000392 0.000392 0.000392 0.718321 0.004315 0.004315 0.000392 0.000392 0.004315 0.000392 0.002354 0.000392 0.000392 0.000392 0.000392 0.002354 
0.000556 0.000556 0.122846 0.000556 0.008894 0.000556 0.236798 0.000556 0.000556 0.003335 0.000556 0.000556 0.620345 0.000556 0.000556 0.000556 0.000556 0.000556 0.000556 
0.000478 0.000478 0.406399 0.117479 0.000478 0.000478 0.212989 0.005253 0.000478 0.000478 0.000478 0.212989 0.000478 0.005253 0.000478 0.031519 0.000478 0.002865 0.000478 
0.001451 0.008708 0.001451 0.001451 0.059507 0.008708 0.494920 0.001451 0.001451 0.001451 0.001451 0.001451 0.371553 0.001451 0.001451 0.001451 0.001451 0.001451 0.037736 
0.001037 0.006224 0.187759 0.151452 0.001037 0.001037 0.550830 0.001037 0.001037 0.001037 0.001037 0.001037 0.032158 0.006224 0.011411 0.001037 0.001037 0.001037 0.042531 
0.000845 0.000845 0.250000 0.000845 0.000845 0.684966 0.026182 0.000845 0.000845 0.000845 0.000845 0.005068 0.000845 0.013514 0.000845 0.000845 0.005068 0.005068 0.000845 
0.001100 0.001100 0.325633 0.001100 0.160616 0.452145 0.034103 0.001100 0.001100 0.001100 0.001100 0.001100 0.012101 0.001100 0.001100 0.001100 0.001100 0.001100 0.001100 
0.000580 0.000580 0.279002 0.705336 0.000580 0.000580 0.003480 0.003480 0.000580 0.000580 0.000580 0.000580 0.000580 0.000580 0.000580 0.000580 0.000580 0.000580 0.000580 
0.000631 0.000631 0.073232 0.000631 0.256313 0.000631 0.436237 0.000631 0.000631 0.000631 0.000631 0.000631 0.218434 0.000631 0.000631 0.000631 0.000631 0.000631 0.006944 
0.000211 0.000211 0.371206 0.013912 0.001265 0.000211 0.609401 0.000211 0.001265 0.000211 0.000211 0.000211 0.000211 0.000211 0.000211 0.000211 0.000211 0.000211 0.000211 
0.000142 0.000852 0.174759 0.000142 0.258518 0.000142 0.063316 0.000142 0.000142 0.000142 0.000852 0.000142 0.499858 0.000142 0.000142 0.000142 0.000142 0.000142 0.000142 
0.000831 0.000831 0.312292 0.146179 0.000831 0.000831 0.083887 0.000831 0.000831 0.000831 0.000831 0.013289 0.000831 0.328904 0.000831 0.104651 0.000831 0.000831 0.000831 
0.000205 0.000205 0.324402 0.257926 0.009409 0.000205 0.000205 0.014522 0.000205 0.000205 0.000205 0.011454 0.000205 0.000205 0.000205 0.379628 0.000205 0.000205 0.000205 
0.003824 0.000637 0.140854 0.032505 0.414914 0.007011 0.383047 0.000637 0.010198 0.000637 0.000637 0.000637 0.000637 0.000637 0.000637 0.000637 0.000637 0.000637 0.000637 
0.026273 0.001642 0.256158 0.083744 0.001642 0.001642 0.600985 0.001642 0.001642 0.001642 0.001642 0.001642 0.001642 0.001642 0.001642 0.001642 0.001642 0.001642 0.009852 
0.000791 0.000791 0.008703 0.024525 0.329114 0.016614 0.574367 0.000791 0.000791 0.000791 0.000791 0.004747 0.012658 0.000791 0.000791 0.000791 0.000791 0.000791 0.020570 
0.001244 0.001244 0.082090 0.001244 0.268657 0.007463 0.486318 0.001244 0.001244 0.001244 0.007463 0.001244 0.057214 0.001244 0.001244 0.063433 0.013682 0.001244 0.001244 
0.001789 0.001789 0.127013 0.449016 0.270125 0.001789 0.100179 0.001789 0.001789 0.001789 0.001789 0.001789 0.001789 0.028623 0.001789 0.001789 0.001789 0.001789 0.001789 
0.001259 0.013854 0.209068 0.127204 0.039043 0.001259 0.102015 0.001259 0.001259 0.001259 0.001259 0.001259 0.001259 0.001259 0.001259 0.492443 0.001259 0.001259 0.001259 
0.000430 0.000430 0.191910 0.473752 0.002582 0.000430 0.284423 0.004733 0.000430 0.011188 0.000430 0.000430 0.000430 0.000430 0.000430 0.021945 0.004733 0.000430 0.000430 
0.000730 0.000730 0.055515 0.241782 0.241782 0.000730 0.446311 0.000730 0.000730 0.000730 0.000730 0.000730 0.000730 0.000730 0.000730 0.000730 0.004383 0.000730 0.000730 
0.000944 0.005666 0.062323 0.000944 0.180359 0.000944 0.723324 0.000944 0.000944 0.000944 0.000944 0.000944 0.000944 0.000944 0.000944 0.000944 0.000944 0.005666 0.010387 
0.000076 0.000458 0.205974 0.000076 0.254489 0.000076 0.468791 0.000076 0.000076 0.000076 0.000076 0.000076 0.000458 0.000076 0.000076 0.068836 0.000076 0.000076 0.000076 
0.013216 0.002203 0.563877 0.035242 0.002203 0.002203 0.079295 0.002203 0.002203 0.002203 0.002203 0.002203 0.079295 0.002203 0.002203 0.200441 0.002203 0.002203 0.002203 
0.000910 0.005460 0.105551 0.765241 0.041856 0.000910 0.000910 0.000910 0.014559 0.000910 0.005460 0.000910 0.005460 0.000910 0.005460 0.041856 0.000910 0.000910 0.000910 
0.000750 0.000750 0.135682 0.000750 0.000750 0.056972 0.784108 0.004498 0.000750 0.000750 0.000750 0.004498 0.000750 0.004498 0.000750 0.000750 0.000750 0.000750 0.000750 
0.000902 0.000902 0.041479 0.000902 0.352570 0.000902 0.587015 0.000902 0.000902 0.000902 0.005410 0.000902 0.000902 0.000902 0.000902 0.000902 0.000902 0.000902 0.000902 
0.001151 0.001151 0.277330 0.001151 0.277330 0.001151 0.380898 0.001151 0.001151 0.001151 0.001151 0.001151 0.047181 0.001151 0.001151 0.001151 0.001151 0.001151 0.001151 
0.018519 0.000882 0.274250 0.000882 0.000882 0.005291 0.463845 0.000882 0.009700 0.000882 0.000882 0.000882 0.040564 0.000882 0.177249 0.000882 0.000882 0.000882 0.000882 
0.000539 0.000539 0.202805 0.496764 0.000539 0.000539 0.148867 0.003236 0.000539 0.000539 0.000539 0.000539 0.003236 0.000539 0.000539 0.138080 0.000539 0.000539 0.000539 
0.001517 0.001517 0.191199 0.585736 0.001517 0.001517 0.191199 0.001517 0.001517 0.001517 0.001517 0.001517 0.001517 0.009105 0.001517 0.001517 0.001517 0.001517 0.001517 
0.000717 0.000717 0.162123 0.294835 0.104735 0.000717 0.416786 0.000717 0.004304 0.000717 0.004304 0.000717 0.000717 0.000717 0.000717 0.004304 0.000717 0.000717 0.000717 
0.000295 0.000295 0.492339 0.054803 0.004714 0.000295 0.412787 0.000295 0.001768 0.001768 0.000295 0.016500 0.000295 0.001768 0.000295 0.010607 0.000295 0.000295 0.000295 
0.001236 0.007417 0.069221 0.001236 0.131026 0.013597 0.242274 0.001236 0.001236 0.001236 0.001236 0.001236 0.520396 0.001236 0.001236 0.001236 0.001236 0.001236 0.001236 
0.001164 0.001164 0.408615 0.001164 0.018626 0.001164 0.001164 0.001164 0.006985 0.001164 0.001164 0.117579 0.001164 0.001164 0.012806 0.001164 0.001164 0.420256 0.001164 
0.003460 0.003460 0.366782 0.003460 0.003460 0.124567 0.003460 0.003460 0.314879 0.003460 0.003460 0.020761 0.072664 0.003460 0.003460 0.003460 0.003460 0.055363 0.003460 
0.000459 0.000459 0.000459 0.002754 0.773749 0.000459 0.062414 0.005048 0.034878 0.000459 0.000459 0.000459 0.030289 0.000459 0.000459 0.000459 0.000459 0.000459 0.085360 
0.000575 0.000575 0.365727 0.000575 0.150086 0.000575 0.000575 0.009201 0.003450 0.000575 0.279471 0.150086 0.000575 0.000575 0.009201 0.000575 0.017826 0.009201 0.000575 
0.000305 0.001827 0.405298 0.006395 0.178441 0.000305 0.000305 0.001827 0.102314 0.000305 0.285018 0.000305 0.000305 0.000305 0.000305 0.000305 0.010962 0.004872 0.000305 
0.000277 0.012746 0.197007 0.052923 0.000277 0.000277 0.001663 0.000277 0.000277 0.001663 0.003048 0.695761 0.004433 0.000277 0.019673 0.007204 0.000277 0.000277 0.001663 
0.004016 0.004016 0.285141 0.024096 0.004016 0.004016 0.044177 0.004016 0.204819 0.004016 0.004016 0.365462 0.004016 0.004016 0.004016 0.004016 0.004016 0.024096 0.004016 
0.001100 0.001100 0.347635 0.006601 0.006601 0.001100 0.001100 0.001100 0.364136 0.001100 0.001100 0.259626 0.001100 0.001100 0.001100 0.001100 0.001100 0.001100 0.001100 
0.000470 0.000470 0.167215 0.000470 0.012212 0.012212 0.000470 0.002818 0.000470 0.000470 0.007515 0.103805 0.627525 0.000470 0.012212 0.038046 0.005167 0.007515 0.000470 
0.000183 0.001100 0.357719 0.035937 0.126696 0.016685 0.000183 0.001100 0.400807 0.001100 0.000183 0.044188 0.000183 0.000183 0.000183 0.013018 0.000183 0.000183 0.000183 
0.000182 0.003819 0.376614 0.004728 0.081106 0.000182 0.000182 0.000182 0.039280 0.001091 0.441171 0.037461 0.000182 0.000182 0.001091 0.008365 0.001091 0.002910 0.000182 
0.001565 0.032864 0.345853 0.001565 0.001565 0.455399 0.009390 0.001565 0.017214 0.001565 0.001565 0.032864 0.009390 0.001565 0.001565 0.001565 0.001565 0.079812 0.001565 
0.000336 0.000336 0.393746 0.002017 0.109617 0.294553 0.000336 0.025555 0.000336 0.003699 0.070948 0.000336 0.000336 0.000336 0.002017 0.000336 0.000336 0.092804 0.002017 
0.000116 0.000116 0.377628 0.000116 0.188291 0.000116 0.000116 0.000116 0.087815 0.000697 0.001859 0.008828 0.000116 0.000116 0.000116 0.000116 0.004762 0.328842 0.000116 
0.000348 0.000348 0.557063 0.002088 0.000348 0.000348 0.005567 0.024704 0.391788 0.000348 0.003827 0.000348 0.000348 0.000348 0.002088 0.007307 0.002088 0.000348 0.000348 
0.000949 0.000949 0.185958 0.034156 0.247628 0.000949 0.000949 0.000949 0.091082 0.000949 0.091082 0.000949 0.333017 0.005693 0.000949 0.000949 0.000949 0.000949 0.000949 
0.000583 0.000583 0.327305 0.000583 0.000583 0.000583 0.000583 0.000583 0.029755 0.000583 0.000583 0.633606 0.000583 0.000583 0.000583 0.000583 0.000583 0.000583 0.000583 
0.000371 0.000371 0.419044 0.000371 0.217117 0.002223 0.000371 0.000371 0.291219 0.000371 0.000371 0.000371 0.000371 0.000371 0.000371 0.004076 0.018896 0.000371 0.042979 
0.002627 0.000438 0.052977 0.000438 0.525832 0.000438 0.197461 0.000438 0.000438 0.000438 0.184326 0.000438 0.015762 0.000438 0.000438 0.000438 0.000438 0.000438 0.015762 
0.002391 0.000399 0.630132 0.000399 0.024312 0.000399 0.000399 0.000399 0.175767 0.000399 0.020327 0.026305 0.000399 0.000399 0.000399 0.000399 0.115982 0.000399 0.000399 
0.000315 0.000315 0.458727 0.000315 0.137366 0.000315 0.000315 0.000315 0.009767 0.000315 0.339004 0.000315 0.001890 0.005041 0.000315 0.039698 0.000315 0.005041 0.000315 
0.008065 0.008065 0.008065 0.008065 0.088710 0.008065 0.008065 0.008065 0.774194 0.008065 0.008065 0.008065 0.008065 0.008065 0.008065 0.008065 0.008065 0.008065 0.008065 
0.000457 0.000457 0.441297 0.000457 0.089539 0.000457 0.000457 0.000457 0.002741 0.000457 0.391046 0.000457 0.002741 0.007309 0.000457 0.041571 0.000457 0.018730 0.000457 
0.002738 0.002086 0.425218 0.000130 0.007954 0.000130 0.000130 0.000782 0.000130 0.004694 0.000782 0.543878 0.000130 0.000782 0.000130 0.000130 0.000782 0.009258 0.000130 
0.000325 0.000325 0.412796 0.000325 0.105879 0.001949 0.000325 0.000325 0.315362 0.000325 0.000325 0.148100 0.000325 0.000325 0.000325 0.000325 0.000325 0.011692 0.000325 
0.000533 0.000089 0.275868 0.003197 0.368239 0.000089 0.000089 0.000533 0.000089 0.000089 0.020517 0.008971 0.000089 0.000089 0.000977 0.000089 0.000089 0.320277 0.000089 
0.002710 0.016260 0.151762 0.341463 0.084011 0.002710 0.043360 0.029810 0.002710 0.002710 0.124661 0.002710 0.097561 0.002710 0.002710 0.084011 0.002710 0.002710 0.002710 
0.000122 0.000122 0.333293 0.000122 0.336344 0.000122 0.000122 0.000732 0.020869 0.000122 0.000732 0.002563 0.000122 0.000122 0.000122 0.000732 0.012936 0.288138 0.002563 
0.000407 0.000407 0.246944 0.002445 0.240831 0.000407 0.000407 0.000407 0.442543 0.000407 0.020782 0.028932 0.002445 0.000407 0.004482 0.002445 0.004482 0.000407 0.000407 
0.000500 0.000500 0.138069 0.000500 0.673337 0.000500 0.000500 0.000500 0.000500 0.000500 0.175588 0.000500 0.000500 0.000500 0.000500 0.000500 0.000500 0.005503 0.000500 
0.012966 0.000810 0.430308 0.017018 0.000810 0.000810 0.000810 0.000810 0.012966 0.004862 0.049433 0.000810 0.004862 0.000810 0.000810 0.017018 0.000810 0.442464 0.000810 
0.000348 0.003827 0.316980 0.014266 0.089074 0.000348 0.005567 0.000348 0.066458 0.002088 0.005567 0.485734 0.003827 0.000348 0.002088 0.000348 0.000348 0.000348 0.002088 
0.001326 0.001326 0.458886 0.001326 0.001326 0.001326 0.001326 0.001326 0.419098 0.001326 0.001326 0.027851 0.001326 0.001326 0.021220 0.007958 0.001326 0.047745 0.001326 
0.000547 0.000547 0.183707 0.115364 0.180973 0.000547 0.000547 0.003280 0.008748 0.000547 0.093494 0.366867 0.000547 0.014215 0.003280 0.000547 0.000547 0.022417 0.003280 
0.001259 0.001259 0.467254 0.032746 0.001259 0.001259 0.001259 0.007557 0.423174 0.001259 0.001259 0.013854 0.001259 0.026448 0.013854 0.001259 0.001259 0.001259 0.001259 
0.012931 0.002155 0.282328 0.023707 0.002155 0.002155 0.056034 0.012931 0.002155 0.002155 0.346983 0.056034 0.002155 0.002155 0.002155 0.056034 0.002155 0.131466 0.002155 
0.000447 0.000447 0.203662 0.031711 0.540866 0.000447 0.011612 0.002680 0.036177 0.000447 0.002680 0.018312 0.000447 0.147834 0.000447 0.000447 0.000447 0.000447 0.000447 
0.000268 0.006963 0.396626 0.000268 0.189073 0.000268 0.008302 0.000268 0.000268 0.000268 0.364488 0.002946 0.008302 0.005624 0.000268 0.000268 0.002946 0.000268 0.012319 
0.012658 0.012658 0.012658 0.012658 0.012658 0.392405 0.012658 0.075949 0.012658 0.265823 0.012658 0.012658 0.012658 0.012658 0.012658 0.012658 0.012658 0.012658 0.075949 
0.000325 0.001949 0.175706 0.000325 0.354336 0.310490 0.000325 0.000325 0.010068 0.000325 0.120494 0.003573 0.000325 0.000325 0.000325 0.000325 0.000325 0.019812 0.000325 
0.000534 0.000534 0.288687 0.000534 0.144610 0.000534 0.000534 0.000534 0.072572 0.000534 0.000534 0.069904 0.107257 0.304696 0.000534 0.005870 0.000534 0.000534 0.000534 
0.000527 0.003160 0.363876 0.000527 0.095313 0.000527 0.000527 0.005793 0.000527 0.003160 0.492891 0.000527 0.024223 0.000527 0.000527 0.005793 0.000527 0.000527 0.000527 
0.000569 0.000569 0.262081 0.000569 0.364412 0.003411 0.000569 0.000569 0.000569 0.000569 0.341671 0.000569 0.000569 0.011939 0.006254 0.003411 0.000569 0.000569 0.000569 
0.000142 0.000142 0.588460 0.000142 0.014318 0.002268 0.000142 0.001559 0.010774 0.000142 0.010065 0.358804 0.000142 0.000142 0.000142 0.000142 0.002977 0.009356 0.000142 
0.000559 0.000559 0.419788 0.000559 0.014533 0.000559 0.000559 0.000559 0.433762 0.000559 0.008944 0.101174 0.000559 0.000559 0.014533 0.000559 0.000559 0.000559 0.000559 
0.000395 0.000395 0.352313 0.008304 0.162515 0.000395 0.000395 0.000395 0.053776 0.012258 0.000395 0.000395 0.356267 0.004350 0.000395 0.043891 0.000395 0.000395 0.002372 
0.000669 0.000669 0.174699 0.000669 0.422356 0.000669 0.064257 0.000669 0.147925 0.004016 0.147925 0.000669 0.020750 0.010710 0.000669 0.000669 0.000669 0.000669 0.000669 
0.000435 0.037408 0.468030 0.002610 0.124402 0.000435 0.000435 0.000435 0.315789 0.002610 0.000435 0.000435 0.000435 0.022184 0.000435 0.000435 0.022184 0.000435 0.000435 
0.001326 0.001326 0.094164 0.007958 0.306366 0.047745 0.001326 0.001326 0.001326 0.001326 0.425729 0.001326 0.007958 0.001326 0.001326 0.001326 0.001326 0.087533 0.007958 
0.000336 0.000336 0.428332 0.003693 0.007049 0.000336 0.000336 0.000336 0.463578 0.000336 0.023834 0.040618 0.020477 0.008728 0.000336 0.000336 0.000336 0.000336 0.000336 
0.000882 0.022928 0.353616 0.005291 0.009700 0.000882 0.000882 0.000882 0.000882 0.000882 0.446208 0.080247 0.000882 0.000882 0.000882 0.031746 0.000882 0.040564 0.000882 
0.000695 0.000695 0.004170 0.000695 0.480195 0.000695 0.108409 0.000695 0.000695 0.000695 0.132731 0.000695 0.240445 0.000695 0.000695 0.000695 0.000695 0.000695 0.025017 
0.001120 0.000187 0.085091 0.000187 0.810972 0.000187 0.000187 0.000187 0.055234 0.000187 0.018847 0.001120 0.025378 0.000187 0.000187 0.000187 0.000187 0.000187 0.000187 
0.005222 0.000870 0.183638 0.005222 0.170583 0.000870 0.000870 0.000870 0.135770 0.000870 0.040035 0.000870 0.444735 0.000870 0.000870 0.000870 0.005222 0.000870 0.000870 
0.000575 0.000575 0.216216 0.003450 0.523864 0.000575 0.014951 0.000575 0.081081 0.000575 0.003450 0.000575 0.000575 0.000575 0.000575 0.101208 0.037953 0.012076 0.000575 
0.000160 0.000160 0.517015 0.000160 0.056878 0.000959 0.000160 0.000160 0.418757 0.003355 0.000160 0.000959 0.000160 0.000160 0.000160 0.000160 0.000160 0.000160 0.000160 
