0.001151 0.001151 0.162255 0.501726 0.001151 0.001151 0.001151 0.001151 0.001151 0.001151 0.001151 0.001151 0.075949 0.001151 0.001151 0.242808 0.001151 0.001151 0.001151 
0.003086 0.003086 0.095679 0.327160 0.064815 0.003086 0.342593 0.003086 0.018519 0.003086 0.003086 0.003086 0.018519 0.003086 0.033951 0.003086 0.064815 0.003086 0.003086 
0.001244 0.001244 0.138060 0.001244 0.194030 0.001244 0.529851 0.001244 0.001244 0.001244 0.001244 0.001244 0.088308 0.001244 0.001244 0.013682 0.001244 0.019900 0.001244 
0.000622 0.000622 0.075202 0.013052 0.193288 0.000622 0.619018 0.000622 0.000622 0.000622 0.000622 0.000622 0.087632 0.000622 0.000622 0.000622 0.000622 0.000622 0.003729 
0.001259 0.001259 0.580605 0.001259 0.051637 0.284635 0.064232 0.001259 0.001259 0.001259 0.001259 0.001259 0.001259 0.001259 0.001259 0.001259 0.001259 0.001259 0.001259 
0.001391 0.001391 0.084840 0.057024 0.001391 0.001391 0.481224 0.001391 0.001391 0.001391 0.001391 0.001391 0.342142 0.001391 0.001391 0.001391 0.001391 0.015299 0.001391 
0.002113 0.000352 0.179993 0.019725 0.088411 0.000352 0.224023 0.000352 0.000352 0.000352 0.000352 0.000352 0.461782 0.000352 0.010919 0.005636 0.000352 0.002113 0.002113 
0.001214 0.013350 0.219660 0.080097 0.195388 0.001214 0.425971 0.001214 0.001214 0.001214 0.001214 0.001214 0.001214 0.001214 0.001214 0.013350 0.007282 0.031553 0.001214 
0.000801 0.000801 0.397118 0.000801 0.044836 0.465172 0.028823 0.008807 0.032826 0.004804 0.000801 0.000801 0.004804 0.000801 0.000801 0.000801 0.000801 0.000801 0.004804 
0.018364 0.001669 0.001669 0.101836 0.001669 0.001669 0.419032 0.001669 0.001669 0.001669 0.001669 0.001669 0.427379 0.010017 0.001669 0.001669 0.001669 0.001669 0.001669 
0.000456 0.000456 0.141750 0.836828 0.000456 0.000456 0.002735 0.000456 0.000456 0.002735 0.000456 0.000456 0.000456 0.002735 0.002735 0.005014 0.000456 0.000456 0.000456 
0.010160 0.000391 0.152794 0.684252 0.000391 0.000391 0.143025 0.000391 0.000391 0.000391 0.002345 0.000391 0.000391 0.000391 0.000391 0.002345 0.000391 0.000391 0.000391 
0.000752 0.000752 0.012039 0.128668 0.271633 0.000752 0.418360 0.000752 0.000752 0.004515 0.012039 0.000752 0.000752 0.000752 0.000752 0.000752 0.000752 0.000752 0.143717 
0.000739 0.000739 0.070901 0.000739 0.192762 0.000739 0.691285 0.000739 0.000739 0.000739 0.000739 0.000739 0.000739 0.019202 0.000739 0.011817 0.000739 0.000739 0.004431 
0.000639 0.010230 0.349105 0.400256 0.010230 0.003836 0.218031 0.000639 0.000639 0.000639 0.000639 0.000639 0.000639 0.000639 0.000639 0.000639 0.000639 0.000639 0.000639 
0.000544 0.000544 0.185427 0.799891 0.000544 0.000544 0.000544 0.000544 0.000544 0.000544 0.000544 0.000544 0.000544 0.000544 0.000544 0.003263 0.003263 0.000544 0.000544 
0.004367 0.004367 0.288210 0.069869 0.004367 0.004367 0.004367 0.026201 0.091703 0.004367 0.004367 0.048035 0.004367 0.200873 0.004367 0.004367 0.222707 0.004367 0.004367 
0.000705 0.000705 0.106413 0.250881 0.000705 0.004228 0.589147 0.000705 0.000705 0.000705 0.000705 0.000705 0.000705 0.000705 0.028894 0.004228 0.000705 0.000705 0.007752 
0.000688 0.000688 0.179505 0.805365 0.000688 0.000688 0.000688 0.000688 0.000688 0.000688 0.000688 0.000688 0.000688 0.000688 0.004127 0.000688 0.000688 0.000688 0.000688 
0.000513 0.000513 0.015906 0.862494 0.005644 0.000513 0.100564 0.000513 0.000513 0.003079 0.003079 0.000513 0.003079 0.000513 0.000513 0.000513 0.000513 0.000513 0.000513 
0.002710 0.002710 0.029810 0.260163 0.002710 0.002710 0.544715 0.002710 0.002710 0.002710 0.002710 0.002710 0.002710 0.002710 0.002710 0.124661 0.002710 0.002710 0.002710 
0.000158 0.000158 0.316204 0.461223 0.000158 0.003310 0.000158 0.000158 0.000158 0.009615 0.000158 0.168033 0.000158 0.005675 0.001734 0.030895 0.000946 0.000158 0.000946 
0.009645 0.006534 0.463908 0.050093 0.095208 0.014312 0.078096 0.006534 0.000311 0.000311 0.000311 0.014312 0.000311 0.000311 0.001867 0.241444 0.014312 0.001867 0.000311 
0.001221 0.001221 0.300366 0.312576 0.001221 0.001221 0.001221 0.001221 0.001221 0.001221 0.001221 0.001221 0.001221 0.001221 0.001221 0.349206 0.001221 0.019536 0.001221 
0.001353 0.001353 0.075778 0.853857 0.001353 0.001353 0.001353 0.001353 0.001353 0.008119 0.001353 0.035183 0.001353 0.001353 0.001353 0.008119 0.001353 0.001353 0.001353 
0.002692 0.002692 0.348138 0.000449 0.000449 0.000449 0.123822 0.000449 0.000449 0.000449 0.000449 0.000449 0.004935 0.000449 0.000449 0.507402 0.004935 0.000449 0.000449 
0.000972 0.000972 0.175899 0.000972 0.146744 0.025267 0.613217 0.000972 0.000972 0.000972 0.000972 0.000972 0.020408 0.000972 0.000972 0.005831 0.000972 0.000972 0.000972 
0.001206 0.067551 0.447527 0.001206 0.019300 0.411339 0.025332 0.001206 0.001206 0.013269 0.001206 0.001206 0.001206 0.001206 0.001206 0.001206 0.001206 0.001206 0.001206 
0.251507 0.000402 0.464444 0.000402 0.000402 0.000402 0.231418 0.000402 0.000402 0.000402 0.004419 0.000402 0.000402 0.002411 0.006428 0.026517 0.004419 0.000402 0.004419 
0.000286 0.000286 0.154616 0.627608 0.000286 0.000286 0.191769 0.000286 0.000286 0.000286 0.000286 0.000286 0.000286 0.001715 0.017434 0.000286 0.000286 0.000286 0.003144 
0.001441 0.037464 0.195965 0.001441 0.037464 0.001441 0.685879 0.001441 0.001441 0.001441 0.001441 0.001441 0.001441 0.001441 0.023055 0.001441 0.001441 0.001441 0.001441 
0.010848 0.000986 0.104536 0.010848 0.316568 0.000986 0.439842 0.000986 0.005917 0.000986 0.000986 0.000986 0.045365 0.000986 0.000986 0.010848 0.040434 0.000986 0.005917 
0.000848 0.000848 0.204411 0.357082 0.000848 0.000848 0.149279 0.000848 0.000848 0.000848 0.000848 0.000848 0.072943 0.000848 0.000848 0.204411 0.000848 0.000848 0.000848 
0.012317 0.000770 0.401078 0.331794 0.000770 0.000770 0.081601 0.000770 0.000770 0.004619 0.000770 0.004619 0.004619 0.116243 0.027714 0.000770 0.000770 0.000770 0.008468 
0.001381 0.001381 0.015193 0.063536 0.222376 0.008287 0.664365 0.001381 0.001381 0.008287 0.001381 0.001381 0.001381 0.001381 0.001381 0.001381 0.001381 0.001381 0.001381 
0.000935 0.005613 0.272217 0.440599 0.000935 0.000935 0.248831 0.000935 0.000935 0.000935 0.000935 0.000935 0.000935 0.000935 0.010290 0.000935 0.010290 0.000935 0.000935 
0.001908 0.001908 0.269084 0.097328 0.001908 0.011450 0.469466 0.001908 0.011450 0.001908 0.001908 0.001908 0.087786 0.011450 0.011450 0.011450 0.001908 0.001908 0.001908 
0.000516 0.000516 0.493038 0.000516 0.015988 0.000516 0.420835 0.000516 0.000516 0.000516 0.000516 0.000516 0.003094 0.000516 0.000516 0.046931 0.008252 0.000516 0.005673 
0.000648 0.000648 0.146373 0.062176 0.000648 0.000648 0.444301 0.000648 0.000648 0.000648 0.000648 0.003886 0.295337 0.013601 0.003886 0.023316 0.000648 0.000648 0.000648 
0.001362 0.008174 0.294278 0.055858 0.008174 0.001362 0.055858 0.001362 0.014986 0.001362 0.001362 0.001362 0.539510 0.001362 0.001362 0.008174 0.001362 0.001362 0.001362 
0.000403 0.002415 0.296296 0.000403 0.000403 0.000403 0.101047 0.000403 0.004428 0.000403 0.000403 0.000403 0.588164 0.000403 0.002415 0.000403 0.000403 0.000403 0.000403 
0.007752 0.007752 0.279070 0.550388 0.046512 0.007752 0.007752 0.007752 0.007752 0.007752 0.007752 0.007752 0.007752 0.007752 0.007752 0.007752 0.007752 0.007752 0.007752 
0.001144 0.029748 0.367277 0.395881 0.064073 0.001144 0.001144 0.001144 0.001144 0.001144 0.001144 0.092677 0.001144 0.029748 0.001144 0.001144 0.001144 0.006865 0.001144 
0.000185 0.000185 0.358585 0.588257 0.028894 0.000185 0.000185 0.000185 0.002964 0.000185 0.000185 0.011298 0.000185 0.000185 0.004816 0.000185 0.000185 0.002964 0.000185 
0.057304 0.000807 0.464891 0.000807 0.000807 0.000807 0.158192 0.000807 0.000807 0.069411 0.000807 0.037127 0.000807 0.174334 0.016949 0.012914 0.000807 0.000807 0.000807 
0.000776 0.000776 0.229635 0.000776 0.229635 0.000776 0.485648 0.000776 0.000776 0.000776 0.000776 0.000776 0.043445 0.000776 0.000776 0.000776 0.000776 0.000776 0.000776 
0.002345 0.000391 0.443923 0.035561 0.059007 0.000391 0.424385 0.004299 0.000391 0.010160 0.000391 0.002345 0.000391 0.004299 0.000391 0.000391 0.002345 0.000391 0.008206 
0.000258 0.000258 0.209344 0.191275 0.250645 0.001549 0.340991 0.000258 0.000258 0.000258 0.000258 0.000258 0.002839 0.000258 0.000258 0.000258 0.000258 0.000258 0.000258 
0.001119 0.001119 0.247204 0.649888 0.006711 0.006711 0.040268 0.017897 0.001119 0.001119 0.001119 0.017897 0.001119 0.001119 0.001119 0.001119 0.001119 0.001119 0.001119 
0.000561 0.000561 0.191143 0.390135 0.000561 0.000561 0.395740 0.000561 0.000561 0.000561 0.006166 0.006166 0.000561 0.000561 0.000561 0.003363 0.000561 0.000561 0.000561 
0.000406 0.000406 0.479302 0.002435 0.112013 0.008523 0.290584 0.002435 0.000406 0.004464 0.000406 0.000406 0.093750 0.000406 0.000406 0.000406 0.002435 0.000406 0.000406 
0.001318 0.001318 0.001318 0.936759 0.001318 0.001318 0.001318 0.021080 0.007905 0.001318 0.001318 0.001318 0.014493 0.001318 0.001318 0.001318 0.001318 0.001318 0.001318 
0.001082 0.060606 0.217532 0.022727 0.066017 0.001082 0.590909 0.006494 0.001082 0.006494 0.001082 0.001082 0.006494 0.011905 0.001082 0.001082 0.001082 0.001082 0.001082 
0.001362 0.001362 0.083106 0.267030 0.273842 0.001362 0.253406 0.001362 0.001362 0.001362 0.001362 0.001362 0.001362 0.001362 0.001362 0.103542 0.001362 0.001362 0.001362 
0.010533 0.000658 0.125741 0.563529 0.168532 0.030283 0.000658 0.000658 0.000658 0.007242 0.000658 0.079658 0.000658 0.003950 0.000658 0.000658 0.003950 0.000658 0.000658 
0.007802 0.001300 0.222367 0.644993 0.001300 0.001300 0.001300 0.001300 0.001300 0.001300 0.001300 0.001300 0.001300 0.001300 0.001300 0.072822 0.001300 0.020806 0.014304 
0.001577 0.001577 0.159306 0.561514 0.001577 0.001577 0.230284 0.001577 0.001577 0.001577 0.001577 0.001577 0.025237 0.001577 0.001577 0.001577 0.001577 0.001577 0.001577 
0.003937 0.003937 0.023622 0.003937 0.082677 0.003937 0.653543 0.003937 0.003937 0.023622 0.003937 0.003937 0.003937 0.023622 0.141732 0.003937 0.003937 0.003937 0.003937 
0.007752 0.001292 0.330749 0.001292 0.040052 0.569767 0.001292 0.001292 0.001292 0.001292 0.001292 0.001292 0.027132 0.001292 0.001292 0.001292 0.001292 0.007752 0.001292 
0.000573 0.000573 0.103784 0.465023 0.000573 0.000573 0.410550 0.000573 0.000573 0.000573 0.000573 0.003440 0.006307 0.000573 0.003440 0.000573 0.000573 0.000573 0.000573 
0.001131 0.001131 0.052036 0.057692 0.001131 0.018100 0.809955 0.001131 0.001131 0.001131 0.001131 0.001131 0.046380 0.001131 0.001131 0.001131 0.001131 0.001131 0.001131 
0.003788 0.003788 0.117424 0.022727 0.003788 0.003788 0.193182 0.003788 0.003788 0.022727 0.003788 0.003788 0.098485 0.003788 0.003788 0.458333 0.022727 0.022727 0.003788 
0.003135 0.003135 0.018809 0.128527 0.253918 0.003135 0.536050 0.003135 0.003135 0.003135 0.018809 0.003135 0.003135 0.003135 0.003135 0.003135 0.003135 0.003135 0.003135 
0.004258 0.000710 0.376863 0.000710 0.231370 0.000710 0.227821 0.064585 0.000710 0.000710 0.000710 0.000710 0.018453 0.000710 0.000710 0.000710 0.068133 0.000710 0.000710 
0.000886 0.000886 0.129318 0.594331 0.000886 0.000886 0.253322 0.005314 0.000886 0.000886 0.000886 0.000886 0.000886 0.000886 0.000886 0.000886 0.005314 0.000886 0.000886 
0.013682 0.001244 0.082090 0.797264 0.001244 0.001244 0.001244 0.001244 0.001244 0.001244 0.001244 0.007463 0.001244 0.001244 0.007463 0.007463 0.001244 0.007463 0.063433 
0.014692 0.010101 0.317723 0.028466 0.000918 0.000918 0.074380 0.000918 0.000918 0.000918 0.000918 0.028466 0.000918 0.005510 0.000918 0.501377 0.010101 0.000918 0.000918 
0.006777 0.000219 0.398120 0.011150 0.000219 0.256012 0.293179 0.005684 0.000219 0.000219 0.000219 0.002405 0.001312 0.000219 0.000219 0.003498 0.019895 0.000219 0.000219 
0.000639 0.000639 0.000639 0.000639 0.592072 0.000639 0.371483 0.000639 0.000639 0.000639 0.000639 0.000639 0.023018 0.000639 0.000639 0.000639 0.003836 0.000639 0.000639 
0.000450 0.000450 0.492806 0.013939 0.000450 0.009442 0.020683 0.002698 0.000450 0.000450 0.000450 0.000450 0.000450 0.000450 0.000450 0.454586 0.000450 0.000450 0.000450 
0.001082 0.001082 0.271645 0.277056 0.022727 0.401515 0.001082 0.001082 0.001082 0.001082 0.001082 0.001082 0.001082 0.001082 0.011905 0.001082 0.001082 0.001082 0.001082 
0.000755 0.000755 0.374622 0.189577 0.004532 0.000755 0.416163 0.000755 0.000755 0.000755 0.000755 0.000755 0.000755 0.000755 0.000755 0.004532 0.000755 0.000755 0.000755 
0.000776 0.000776 0.027929 0.000776 0.415826 0.000776 0.508922 0.004655 0.000776 0.000776 0.000776 0.000776 0.012413 0.000776 0.000776 0.020171 0.000776 0.000776 0.000776 
0.000728 0.004367 0.291849 0.222707 0.011645 0.000728 0.000728 0.044396 0.000728 0.004367 0.000728 0.000728 0.000728 0.000728 0.000728 0.411936 0.000728 0.000728 0.000728 
0.000882 0.000882 0.450617 0.000882 0.000882 0.000882 0.441799 0.000882 0.000882 0.000882 0.000882 0.009700 0.053792 0.000882 0.005291 0.027337 0.000882 0.000882 0.000882 
0.000311 0.000311 0.276794 0.011184 0.290774 0.000311 0.408823 0.000311 0.000311 0.000311 0.004970 0.000311 0.000311 0.000311 0.000311 0.000311 0.000311 0.003417 0.000311 
0.000725 0.000725 0.294416 0.015228 0.094996 0.515591 0.058738 0.000725 0.000725 0.000725 0.004351 0.000725 0.000725 0.004351 0.000725 0.004351 0.000725 0.000725 0.000725 
0.005245 0.000874 0.385490 0.057692 0.000874 0.241259 0.022727 0.005245 0.000874 0.005245 0.000874 0.223776 0.000874 0.000874 0.009615 0.005245 0.000874 0.031469 0.000874 
0.003729 0.000622 0.149782 0.270976 0.000622 0.000622 0.544438 0.009944 0.000622 0.009944 0.000622 0.000622 0.000622 0.000622 0.000622 0.000622 0.000622 0.003729 0.000622 
0.000596 0.000596 0.188207 0.527695 0.066111 0.000596 0.200119 0.000596 0.006552 0.000596 0.000596 0.000596 0.000596 0.000596 0.000596 0.003574 0.000596 0.000596 0.000596 
0.001642 0.009852 0.182266 0.009852 0.018062 0.001642 0.724138 0.001642 0.001642 0.001642 0.001642 0.001642 0.001642 0.001642 0.034483 0.001642 0.001642 0.001642 0.001642 
0.032110 0.001529 0.146789 0.016820 0.001529 0.001529 0.207951 0.001529 0.055046 0.001529 0.001529 0.001529 0.513761 0.009174 0.001529 0.001529 0.001529 0.001529 0.001529 
0.000381 0.000381 0.484375 0.004192 0.000381 0.000381 0.072790 0.000381 0.000381 0.000381 0.006098 0.000381 0.002287 0.000381 0.000381 0.425305 0.000381 0.000381 0.000381 
0.000304 0.001821 0.196114 0.000304 0.256831 0.000304 0.261384 0.000304 0.000304 0.000304 0.000304 0.000304 0.000304 0.279599 0.000304 0.000304 0.000304 0.000304 0.000304 
0.000752 0.000752 0.237773 0.437171 0.004515 0.000752 0.008277 0.000752 0.000752 0.004515 0.000752 0.000752 0.004515 0.000752 0.000752 0.286682 0.008277 0.000752 0.000752 
0.014898 0.000931 0.159218 0.098696 0.000931 0.000931 0.522346 0.005587 0.000931 0.000931 0.000931 0.000931 0.182495 0.000931 0.000931 0.000931 0.000931 0.005587 0.000931 
0.000323 0.000323 0.369797 0.055179 0.011617 0.497257 0.026137 0.000323 0.000323 0.013230 0.000323 0.000323 0.021297 0.000323 0.000323 0.001936 0.000323 0.000323 0.000323 
0.000654 0.000654 0.007194 0.948986 0.000654 0.023545 0.003924 0.000654 0.000654 0.000654 0.000654 0.000654 0.003924 0.000654 0.000654 0.003924 0.000654 0.000654 0.000654 
0.001318 0.001318 0.073781 0.903821 0.001318 0.001318 0.001318 0.001318 0.001318 0.001318 0.001318 0.001318 0.001318 0.001318 0.001318 0.001318 0.001318 0.001318 0.001318 
0.001326 0.027851 0.100796 0.478780 0.001326 0.001326 0.094164 0.001326 0.001326 0.007958 0.001326 0.001326 0.001326 0.001326 0.001326 0.273210 0.001326 0.001326 0.001326 
0.000820 0.078753 0.378179 0.000820 0.000820 0.000820 0.267432 0.000820 0.000820 0.000820 0.029532 0.091058 0.000820 0.033634 0.103363 0.000820 0.000820 0.009024 0.000820 
0.001805 0.001805 0.155235 0.209386 0.001805 0.001805 0.119134 0.010830 0.001805 0.001805 0.001805 0.001805 0.019856 0.182310 0.019856 0.254513 0.001805 0.010830 0.001805 
0.000695 0.004170 0.257818 0.087561 0.000695 0.004170 0.622655 0.000695 0.000695 0.000695 0.004170 0.000695 0.000695 0.011119 0.000695 0.000695 0.000695 0.000695 0.000695 
0.000524 0.000524 0.351493 0.000524 0.152436 0.026716 0.445783 0.000524 0.000524 0.000524 0.003143 0.000524 0.000524 0.011001 0.000524 0.003143 0.000524 0.000524 0.000524 
0.001157 0.001157 0.006944 0.001157 0.232639 0.001157 0.672454 0.001157 0.001157 0.001157 0.001157 0.001157 0.012731 0.024306 0.001157 0.001157 0.001157 0.001157 0.035880 
0.000398 0.000398 0.358393 0.229117 0.036197 0.000398 0.340493 0.000398 0.000398 0.000398 0.000398 0.000398 0.002387 0.000398 0.000398 0.028242 0.000398 0.000398 0.000398 
0.000422 0.000422 0.321233 0.137611 0.000422 0.000422 0.000422 0.000422 0.002533 0.000422 0.000422 0.006754 0.000422 0.010975 0.000422 0.513297 0.002533 0.000422 0.000422 
0.000245 0.000245 0.391272 0.000245 0.054180 0.000245 0.549399 0.000245 0.000245 0.000245 0.001471 0.000245 0.000245 0.000245 0.000245 0.000245 0.000245 0.000245 0.000245 
0.002674 0.002674 0.042781 0.911765 0.002674 0.002674 0.002674 0.002674 0.002674 0.002674 0.002674 0.002674 0.002674 0.002674 0.002674 0.002674 0.002674 0.002674 0.002674 
0.001391 0.001391 0.105702 0.321280 0.001391 0.001391 0.536857 0.001391 0.001391 0.001391 0.001391 0.008345 0.001391 0.001391 0.001391 0.001391 0.008345 0.001391 0.001391 
0.000940 0.000940 0.000940 0.000940 0.198308 0.000940 0.560150 0.005639 0.000940 0.000940 0.000940 0.000940 0.207707 0.015038 0.000940 0.000940 0.000940 0.000940 0.000940 
0.000923 0.000923 0.037823 0.000923 0.208487 0.000923 0.678967 0.000923 0.000923 0.000923 0.000923 0.000923 0.000923 0.056273 0.000923 0.005535 0.000923 0.000923 0.000923 
0.000444 0.000444 0.029281 0.000444 0.342059 0.000444 0.497338 0.000444 0.000444 0.000444 0.002662 0.000444 0.122449 0.000444 0.000444 0.000444 0.000444 0.000444 0.000444 
0.000810 0.000810 0.045381 0.000810 0.559968 0.004862 0.219611 0.000810 0.000810 0.000810 0.000810 0.000810 0.000810 0.000810 0.004862 0.004862 0.000810 0.000810 0.150729 
0.000510 0.000510 0.273609 0.041348 0.100051 0.000510 0.521184 0.049005 0.000510 0.000510 0.000510 0.000510 0.000510 0.000510 0.008167 0.000510 0.000510 0.000510 0.000510 
0.000596 0.000596 0.054199 0.176295 0.009529 0.000596 0.378797 0.000596 0.000596 0.000596 0.000596 0.000596 0.346039 0.000596 0.000596 0.027397 0.000596 0.000596 0.000596 
0.000807 0.000807 0.033091 0.081517 0.000807 0.000807 0.355932 0.000807 0.000807 0.000807 0.000807 0.049233 0.468927 0.000807 0.000807 0.000807 0.000807 0.000807 0.000807 
0.002045 0.002045 0.104294 0.155419 0.145194 0.002045 0.492843 0.073620 0.002045 0.002045 0.002045 0.002045 0.002045 0.002045 0.002045 0.002045 0.002045 0.002045 0.002045 
0.000886 0.000886 0.395040 0.036315 0.000886 0.545616 0.000886 0.000886 0.000886 0.000886 0.000886 0.005314 0.005314 0.000886 0.000886 0.000886 0.000886 0.000886 0.000886 
0.001684 0.001684 0.094276 0.010101 0.026936 0.001684 0.397306 0.001684 0.001684 0.001684 0.001684 0.001684 0.447811 0.001684 0.001684 0.001684 0.001684 0.001684 0.001684 
0.001094 0.001094 0.044858 0.001094 0.143326 0.001094 0.739606 0.001094 0.001094 0.001094 0.001094 0.028446 0.001094 0.006565 0.022976 0.001094 0.001094 0.001094 0.001094 
0.000578 0.000578 0.049740 0.064199 0.454598 0.000578 0.310006 0.003470 0.000578 0.000578 0.003470 0.000578 0.000578 0.000578 0.003470 0.096009 0.000578 0.003470 0.006362 
0.001553 0.001553 0.133540 0.001553 0.009317 0.009317 0.319876 0.001553 0.017081 0.001553 0.001553 0.001553 0.102484 0.001553 0.063665 0.327640 0.001553 0.001553 0.001553 
0.000631 0.000631 0.373106 0.000631 0.035354 0.003788 0.578283 0.000631 0.000631 0.000631 0.000631 0.000631 0.000631 0.000631 0.000631 0.000631 0.000631 0.000631 0.000631 
0.000572 0.000572 0.260720 0.718125 0.003431 0.000572 0.000572 0.000572 0.000572 0.000572 0.000572 0.000572 0.000572 0.009148 0.000572 0.000572 0.000572 0.000572 0.000572 
0.005484 0.000914 0.293419 0.019196 0.023766 0.005484 0.627057 0.000914 0.014625 0.000914 0.000914 0.000914 0.000914 0.000914 0.000914 0.000914 0.000914 0.000914 0.000914 
0.006224 0.001037 0.001037 0.001037 0.234440 0.001037 0.696058 0.032158 0.001037 0.001037 0.001037 0.001037 0.001037 0.001037 0.001037 0.001037 0.001037 0.001037 0.016598 
0.002304 0.002304 0.198157 0.693548 0.002304 0.013825 0.002304 0.002304 0.002304 0.002304 0.002304 0.025346 0.002304 0.002304 0.025346 0.002304 0.002304 0.002304 0.013825 
0.000371 0.000371 0.108018 0.833705 0.000371 0.000371 0.050483 0.000371 0.000371 0.000371 0.000371 0.002227 0.000371 0.000371 0.000371 0.000371 0.000371 0.000371 0.000371 
0.000614 0.009822 0.390424 0.052793 0.015961 0.009822 0.264579 0.120319 0.000614 0.000614 0.003683 0.019030 0.000614 0.009822 0.089626 0.000614 0.000614 0.009822 0.000614 
0.000559 0.003354 0.215763 0.534377 0.000559 0.000559 0.221353 0.008944 0.000559 0.000559 0.000559 0.000559 0.008944 0.000559 0.000559 0.000559 0.000559 0.000559 0.000559 
0.004030 0.000672 0.014103 0.000672 0.269308 0.000672 0.662189 0.000672 0.000672 0.000672 0.000672 0.000672 0.000672 0.034251 0.000672 0.000672 0.000672 0.004030 0.004030 
0.000834 0.000834 0.309425 0.467890 0.000834 0.000834 0.000834 0.000834 0.088407 0.005004 0.000834 0.055046 0.000834 0.000834 0.050876 0.005004 0.000834 0.005004 0.005004 
0.000906 0.000906 0.326993 0.530797 0.059783 0.000906 0.005435 0.000906 0.009964 0.005435 0.000906 0.014493 0.037138 0.000906 0.000906 0.000906 0.000906 0.000906 0.000906 
0.000434 0.000434 0.182726 0.419271 0.000434 0.000434 0.365017 0.000434 0.011285 0.000434 0.000434 0.000434 0.009115 0.000434 0.000434 0.002604 0.002604 0.002604 0.000434 
0.000712 0.000712 0.111111 0.784188 0.004274 0.000712 0.082621 0.000712 0.000712 0.000712 0.000712 0.004274 0.000712 0.000712 0.000712 0.000712 0.000712 0.000712 0.004274 
0.001214 0.001214 0.116505 0.280340 0.007282 0.001214 0.565534 0.001214 0.013350 0.001214 0.001214 0.001214 0.001214 0.001214 0.001214 0.001214 0.001214 0.001214 0.001214 
0.000449 0.000449 0.045312 0.821445 0.013908 0.000449 0.108120 0.000449 0.000449 0.000449 0.000449 0.000449 0.000449 0.002692 0.000449 0.000449 0.000449 0.000449 0.002692 
0.011276 0.000705 0.293164 0.176885 0.004228 0.000705 0.004228 0.000705 0.000705 0.000705 0.000705 0.000705 0.050035 0.000705 0.004228 0.441156 0.000705 0.000705 0.007752 
0.010568 0.000661 0.307794 0.307794 0.000661 0.003963 0.000661 0.000661 0.000661 0.000661 0.000661 0.010568 0.000661 0.000661 0.020476 0.330911 0.000661 0.000661 0.000661 
0.000652 0.003911 0.362451 0.033246 0.000652 0.000652 0.541721 0.000652 0.000652 0.000652 0.000652 0.000652 0.046284 0.003911 0.000652 0.000652 0.000652 0.000652 0.000652 
0.000132 0.001451 0.318776 0.523288 0.000792 0.000132 0.147909 0.000132 0.000132 0.000132 0.000132 0.000132 0.000132 0.000132 0.000132 0.000132 0.000132 0.000132 0.006069 
0.001533 0.001533 0.241696 0.000255 0.027082 0.000255 0.227644 0.000255 0.000255 0.000255 0.000255 0.000255 0.497190 0.000255 0.000255 0.000255 0.000255 0.000255 0.000255 
0.000424 0.023739 0.562103 0.034337 0.000424 0.006783 0.292921 0.000424 0.000424 0.068249 0.000424 0.006783 0.000424 0.000424 0.000424 0.000424 0.000424 0.000424 0.000424 
0.000991 0.000991 0.005946 0.000991 0.367691 0.000991 0.570862 0.000991 0.000991 0.000991 0.000991 0.000991 0.025768 0.005946 0.000991 0.010902 0.000991 0.000991 0.000991 
0.039652 0.000967 0.262089 0.136364 0.049323 0.000967 0.049323 0.000967 0.000967 0.000967 0.010638 0.000967 0.000967 0.000967 0.000967 0.436170 0.005803 0.000967 0.000967 
0.001071 0.001071 0.423983 0.086724 0.006424 0.001071 0.461456 0.001071 0.001071 0.001071 0.001071 0.001071 0.006424 0.001071 0.001071 0.001071 0.001071 0.001071 0.001071 
0.000352 0.000352 0.156821 0.715893 0.065401 0.000352 0.056610 0.000352 0.000352 0.000352 0.000352 0.000352 0.000352 0.000352 0.000352 0.000352 0.000352 0.000352 0.000352 
0.002309 0.000210 0.497691 0.061083 0.001259 0.001259 0.192275 0.000210 0.219563 0.000210 0.000210 0.000210 0.000210 0.000210 0.000210 0.005458 0.011755 0.005458 0.000210 
0.003226 0.000202 0.497278 0.064731 0.043557 0.000202 0.361162 0.000202 0.001210 0.003226 0.001210 0.020367 0.000202 0.001210 0.000202 0.000202 0.001210 0.000202 0.000202 
0.000804 0.000804 0.137460 0.539389 0.004823 0.000804 0.024920 0.004823 0.000804 0.000804 0.000804 0.000804 0.000804 0.000804 0.000804 0.278135 0.000804 0.000804 0.000804 
0.001284 0.001284 0.148909 0.187420 0.193838 0.001284 0.418485 0.001284 0.014121 0.001284 0.001284 0.001284 0.001284 0.007702 0.014121 0.001284 0.001284 0.001284 0.001284 
0.002354 0.000392 0.241663 0.000392 0.000392 0.000392 0.737936 0.000392 0.006277 0.000392 0.000392 0.000392 0.000392 0.000392 0.002354 0.000392 0.002354 0.002354 0.000392 
0.000556 0.000556 0.120067 0.033908 0.056142 0.000556 0.231240 0.000556 0.000556 0.000556 0.000556 0.000556 0.550862 0.000556 0.000556 0.000556 0.000556 0.000556 0.000556 
0.010029 0.000478 0.361032 0.119866 0.031519 0.000478 0.215377 0.000478 0.000478 0.000478 0.000478 0.212989 0.000478 0.010029 0.005253 0.024355 0.000478 0.002865 0.002865 
0.001451 0.001451 0.008708 0.001451 0.015965 0.001451 0.429608 0.001451 0.001451 0.001451 0.001451 0.001451 0.487663 0.001451 0.015965 0.001451 0.001451 0.008708 0.015965 
0.001037 0.011411 0.161826 0.198133 0.001037 0.006224 0.556017 0.001037 0.006224 0.001037 0.001037 0.001037 0.042531 0.001037 0.006224 0.001037 0.001037 0.001037 0.001037 
0.000845 0.000845 0.271115 0.000845 0.030405 0.663851 0.000845 0.000845 0.000845 0.005068 0.000845 0.005068 0.005068 0.005068 0.000845 0.000845 0.005068 0.000845 0.000845 
0.001100 0.001100 0.309131 0.001100 0.226623 0.419142 0.012101 0.001100 0.001100 0.001100 0.001100 0.006601 0.006601 0.001100 0.001100 0.006601 0.001100 0.001100 0.001100 
0.000580 0.000580 0.264501 0.685035 0.003480 0.000580 0.009281 0.000580 0.000580 0.000580 0.000580 0.029582 0.000580 0.000580 0.000580 0.000580 0.000580 0.000580 0.000580 
0.000631 0.000631 0.003788 0.025884 0.294192 0.000631 0.379419 0.013258 0.000631 0.000631 0.000631 0.006944 0.268939 0.000631 0.000631 0.000631 0.000631 0.000631 0.000631 
0.000211 0.000211 0.366990 0.026560 0.000211 0.000211 0.602024 0.000211 0.000211 0.000211 0.000211 0.000211 0.000211 0.000211 0.001265 0.000211 0.000211 0.000211 0.000211 
0.000142 0.000142 0.146366 0.000142 0.252839 0.000142 0.059057 0.000142 0.000142 0.000142 0.000142 0.000142 0.539608 0.000142 0.000142 0.000142 0.000142 0.000142 0.000142 
0.000831 0.000831 0.341362 0.196013 0.004983 0.000831 0.054817 0.000831 0.004983 0.000831 0.000831 0.000831 0.054817 0.229236 0.000831 0.104651 0.000831 0.000831 0.000831 
0.000205 0.000205 0.336674 0.256903 0.000205 0.000205 0.000205 0.001227 0.006341 0.000205 0.000205 0.000205 0.000205 0.000205 0.002250 0.387809 0.000205 0.000205 0.006341 
0.003824 0.007011 0.144041 0.000637 0.370300 0.000637 0.456342 0.003824 0.000637 0.000637 0.000637 0.000637 0.000637 0.000637 0.000637 0.007011 0.000637 0.000637 0.000637 
0.001642 0.001642 0.198686 0.042693 0.001642 0.001642 0.674877 0.001642 0.001642 0.001642 0.001642 0.001642 0.001642 0.018062 0.001642 0.034483 0.009852 0.001642 0.001642 
0.008703 0.000791 0.024525 0.000791 0.325158 0.000791 0.570411 0.000791 0.000791 0.000791 0.000791 0.004747 0.048259 0.000791 0.004747 0.000791 0.004747 0.000791 0.000791 
0.001244 0.007463 0.001244 0.001244 0.343284 0.001244 0.467662 0.001244 0.001244 0.001244 0.001244 0.001244 0.069652 0.007463 0.007463 0.044776 0.038557 0.001244 0.001244 
0.046512 0.001789 0.270125 0.413238 0.135957 0.001789 0.100179 0.001789 0.001789 0.001789 0.001789 0.001789 0.001789 0.010733 0.001789 0.001789 0.001789 0.001789 0.001789 
0.001259 0.001259 0.353904 0.064232 0.001259 0.001259 0.070529 0.001259 0.001259 0.001259 0.001259 0.001259 0.032746 0.001259 0.001259 0.460957 0.001259 0.001259 0.001259 
0.013339 0.000430 0.166093 0.525387 0.032702 0.006885 0.206971 0.000430 0.000430 0.000430 0.000430 0.000430 0.000430 0.019793 0.000430 0.000430 0.000430 0.000430 0.024096 
0.000730 0.000730 0.051863 0.285610 0.267348 0.000730 0.384222 0.000730 0.000730 0.000730 0.000730 0.000730 0.000730 0.000730 0.000730 0.000730 0.000730 0.000730 0.000730 
0.000944 0.000944 0.010387 0.010387 0.208687 0.000944 0.751653 0.000944 0.000944 0.000944 0.000944 0.000944 0.000944 0.000944 0.000944 0.000944 0.000944 0.000944 0.005666 
0.000076 0.000076 0.204064 0.005806 0.250287 0.000076 0.494767 0.000076 0.000076 0.000076 0.000076 0.000076 0.000076 0.000076 0.000458 0.043624 0.000076 0.000076 0.000076 
0.002203 0.013216 0.497797 0.002203 0.013216 0.002203 0.057269 0.002203 0.002203 0.002203 0.002203 0.024229 0.002203 0.013216 0.002203 0.354626 0.002203 0.002203 0.002203 
0.000910 0.000910 0.078253 0.824386 0.078253 0.000910 0.000910 0.000910 0.000910 0.000910 0.000910 0.000910 0.000910 0.000910 0.000910 0.005460 0.000910 0.000910 0.000910 
0.000750 0.000750 0.075712 0.026987 0.000750 0.008246 0.821589 0.011994 0.030735 0.000750 0.000750 0.000750 0.000750 0.015742 0.000750 0.000750 0.000750 0.000750 0.000750 
0.000902 0.000902 0.000902 0.014427 0.339044 0.000902 0.614067 0.000902 0.000902 0.000902 0.000902 0.000902 0.014427 0.005410 0.000902 0.000902 0.000902 0.000902 0.000902 
0.001151 0.001151 0.254315 0.001151 0.300345 0.001151 0.415420 0.001151 0.001151 0.001151 0.001151 0.001151 0.001151 0.001151 0.001151 0.001151 0.006904 0.001151 0.006904 
0.000882 0.000882 0.243386 0.067019 0.000882 0.000882 0.521164 0.009700 0.009700 0.000882 0.000882 0.005291 0.000882 0.005291 0.111111 0.005291 0.000882 0.014109 0.000882 
0.000539 0.000539 0.175836 0.534520 0.003236 0.000539 0.159655 0.000539 0.000539 0.000539 0.003236 0.000539 0.000539 0.000539 0.000539 0.113808 0.000539 0.000539 0.003236 
0.009105 0.001517 0.244310 0.623672 0.001517 0.001517 0.092564 0.001517 0.001517 0.001517 0.001517 0.009105 0.001517 0.001517 0.001517 0.001517 0.001517 0.001517 0.001517 
0.004304 0.000717 0.144189 0.269727 0.129842 0.000717 0.441894 0.000717 0.000717 0.000717 0.000717 0.000717 0.000717 0.000717 0.000717 0.000717 0.000717 0.000717 0.000717 
0.000295 0.003241 0.499705 0.084266 0.003241 0.000295 0.386270 0.000295 0.001768 0.001768 0.000295 0.003241 0.000295 0.012080 0.001768 0.000295 0.000295 0.000295 0.000295 
0.001236 0.007417 0.124845 0.001236 0.081582 0.001236 0.334981 0.001236 0.001236 0.001236 0.001236 0.001236 0.421508 0.001236 0.001236 0.013597 0.001236 0.001236 0.001236 
0.001164 0.001164 0.420256 0.018626 0.012806 0.001164 0.001164 0.001164 0.024447 0.001164 0.001164 0.053551 0.001164 0.001164 0.001164 0.001164 0.001164 0.455180 0.001164 
0.003460 0.003460 0.262976 0.003460 0.003460 0.055363 0.089965 0.003460 0.314879 0.020761 0.020761 0.003460 0.176471 0.020761 0.003460 0.003460 0.003460 0.003460 0.003460 
0.000459 0.000459 0.000459 0.000459 0.732446 0.000459 0.064709 0.016521 0.037173 0.000459 0.002754 0.000459 0.073887 0.005048 0.007343 0.000459 0.000459 0.000459 0.055530 
0.000575 0.000575 0.397355 0.000575 0.127085 0.000575 0.000575 0.000575 0.000575 0.000575 0.201840 0.207591 0.000575 0.000575 0.003450 0.000575 0.003450 0.037953 0.014951 
0.000305 0.000305 0.348965 0.000305 0.218027 0.000305 0.000305 0.000305 0.055116 0.000305 0.373325 0.000305 0.000305 0.000305 0.000305 0.000305 0.000305 0.000305 0.000305 
0.000277 0.021058 0.210862 0.027986 0.000277 0.000277 0.001663 0.000277 0.000277 0.004433 0.000277 0.648656 0.000277 0.016902 0.059850 0.005819 0.000277 0.000277 0.000277 
0.004016 0.004016 0.325301 0.024096 0.004016 0.004016 0.004016 0.004016 0.445783 0.004016 0.024096 0.084337 0.004016 0.004016 0.004016 0.004016 0.004016 0.044177 0.004016 
0.001100 0.001100 0.391639 0.001100 0.001100 0.001100 0.006601 0.001100 0.380638 0.001100 0.001100 0.182618 0.001100 0.012101 0.001100 0.001100 0.001100 0.006601 0.006601 
0.000470 0.000470 0.127290 0.014561 0.000470 0.000470 0.019258 0.014561 0.014561 0.000470 0.016909 0.094411 0.625176 0.026303 0.035698 0.007515 0.000470 0.000470 0.000470 
0.003850 0.000183 0.313715 0.051522 0.163366 0.003850 0.000183 0.000183 0.390722 0.000183 0.013018 0.041437 0.002017 0.000183 0.000183 0.008434 0.001100 0.005684 0.000183 
0.000182 0.000182 0.365703 0.000182 0.112020 0.000182 0.000182 0.000182 0.002910 0.001091 0.475723 0.024732 0.000182 0.000182 0.000182 0.015639 0.000182 0.000182 0.000182 
0.001565 0.056338 0.392801 0.001565 0.001565 0.361502 0.009390 0.001565 0.040689 0.001565 0.009390 0.009390 0.009390 0.001565 0.009390 0.009390 0.001565 0.071987 0.009390 
0.000336 0.000336 0.334902 0.002017 0.210491 0.326496 0.000336 0.005380 0.000336 0.000336 0.030599 0.005380 0.000336 0.005380 0.000336 0.000336 0.000336 0.070948 0.005380 
0.000116 0.000116 0.342781 0.000116 0.201649 0.000116 0.000116 0.000116 0.083169 0.000116 0.000116 0.016378 0.000116 0.000116 0.000116 0.000116 0.004762 0.349750 0.000116 
0.000348 0.000348 0.546625 0.000348 0.038622 0.000348 0.000348 0.003827 0.384830 0.000348 0.016006 0.000348 0.000348 0.000348 0.003827 0.002088 0.000348 0.000348 0.000348 
0.000949 0.005693 0.200190 0.015180 0.247628 0.000949 0.000949 0.000949 0.105313 0.000949 0.081594 0.000949 0.333017 0.000949 0.000949 0.000949 0.000949 0.000949 0.000949 
0.000583 0.009335 0.327305 0.012252 0.000583 0.000583 0.000583 0.000583 0.061844 0.003501 0.000583 0.578180 0.000583 0.000583 0.000583 0.000583 0.000583 0.000583 0.000583 
0.000371 0.000371 0.357910 0.000371 0.302334 0.000371 0.000371 0.054094 0.163394 0.000371 0.065209 0.002223 0.000371 0.000371 0.004076 0.000371 0.000371 0.000371 0.046684 
0.002627 0.000438 0.068301 0.000438 0.396673 0.000438 0.223730 0.000438 0.002627 0.009194 0.291594 0.000438 0.000438 0.000438 0.000438 0.000438 0.000438 0.000438 0.000438 
0.000399 0.000399 0.632124 0.010363 0.006377 0.000399 0.000399 0.006377 0.078119 0.000399 0.030291 0.050219 0.000399 0.002391 0.000399 0.000399 0.179753 0.000399 0.000399 
0.000315 0.000315 0.428796 0.000315 0.192502 0.000315 0.000315 0.000315 0.000315 0.000315 0.329553 0.000315 0.000315 0.000315 0.000315 0.042848 0.000315 0.001890 0.000315 
0.008065 0.008065 0.008065 0.008065 0.048387 0.008065 0.008065 0.008065 0.693548 0.008065 0.008065 0.008065 0.088710 0.008065 0.008065 0.008065 0.008065 0.048387 0.008065 
0.000457 0.000457 0.407035 0.000457 0.148926 0.000457 0.000457 0.000457 0.009593 0.005025 0.304249 0.000457 0.000457 0.007309 0.000457 0.064413 0.002741 0.046140 0.000457 
0.007954 0.000130 0.461729 0.000130 0.000130 0.000130 0.000130 0.001434 0.000130 0.003390 0.000130 0.508019 0.000130 0.000782 0.000130 0.001434 0.004042 0.009910 0.000130 
0.000325 0.006820 0.412796 0.000325 0.107502 0.000325 0.000325 0.000325 0.104255 0.000325 0.083144 0.256902 0.000325 0.001949 0.000325 0.000325 0.001949 0.021436 0.000325 
0.002753 0.000089 0.234568 0.000089 0.427303 0.000089 0.005418 0.001421 0.000089 0.000089 0.021849 0.024958 0.000089 0.000089 0.000089 0.004974 0.000977 0.272760 0.002309 
0.002710 0.002710 0.138211 0.273713 0.070461 0.016260 0.246612 0.002710 0.002710 0.002710 0.124661 0.002710 0.002710 0.070461 0.002710 0.002710 0.002710 0.002710 0.029810 
0.000732 0.000122 0.301562 0.000732 0.369295 0.000122 0.000122 0.001342 0.012936 0.000122 0.008055 0.000122 0.000122 0.000122 0.001342 0.000122 0.008055 0.293629 0.001342 
0.000407 0.000407 0.297881 0.000407 0.169519 0.000407 0.002445 0.000407 0.434393 0.000407 0.035045 0.047270 0.000407 0.000407 0.000407 0.000407 0.008557 0.000407 0.000407 
0.000500 0.000500 0.173087 0.000500 0.485743 0.000500 0.000500 0.000500 0.003002 0.000500 0.330665 0.000500 0.000500 0.000500 0.000500 0.000500 0.000500 0.000500 0.000500 
0.000810 0.004862 0.450567 0.012966 0.008914 0.000810 0.008914 0.000810 0.000810 0.000810 0.000810 0.000810 0.004862 0.004862 0.000810 0.008914 0.000810 0.487034 0.000810 
0.009047 0.000348 0.259569 0.002088 0.156924 0.000348 0.000348 0.000348 0.075157 0.007307 0.007307 0.450939 0.000348 0.000348 0.000348 0.000348 0.000348 0.014266 0.014266 
0.001326 0.001326 0.405836 0.001326 0.007958 0.107427 0.001326 0.001326 0.458886 0.001326 0.001326 0.001326 0.001326 0.001326 0.001326 0.001326 0.001326 0.001326 0.001326 
0.000547 0.000547 0.186441 0.145435 0.183707 0.000547 0.000547 0.000547 0.000547 0.000547 0.090760 0.232914 0.000547 0.104429 0.000547 0.030618 0.000547 0.019683 0.000547 
0.001259 0.001259 0.467254 0.045340 0.001259 0.001259 0.001259 0.001259 0.454660 0.001259 0.013854 0.001259 0.001259 0.001259 0.001259 0.001259 0.001259 0.001259 0.001259 
0.002155 0.002155 0.303879 0.002155 0.034483 0.002155 0.023707 0.002155 0.002155 0.002155 0.411638 0.120690 0.002155 0.002155 0.002155 0.002155 0.002155 0.077586 0.002155 
0.000447 0.002680 0.174632 0.058508 0.576597 0.000447 0.000447 0.000447 0.036177 0.000447 0.000447 0.000447 0.002680 0.121036 0.000447 0.000447 0.004913 0.011612 0.007146 
0.000268 0.006963 0.395287 0.000268 0.238618 0.000268 0.000268 0.000268 0.000268 0.010980 0.337708 0.000268 0.000268 0.000268 0.000268 0.000268 0.006963 0.000268 0.000268 
0.012658 0.012658 0.012658 0.075949 0.075949 0.139241 0.012658 0.012658 0.012658 0.392405 0.012658 0.012658 0.012658 0.139241 0.012658 0.012658 0.012658 0.012658 0.012658 
0.000325 0.001949 0.193569 0.001949 0.360831 0.279636 0.001949 0.000325 0.003573 0.000325 0.123741 0.000325 0.000325 0.000325 0.010068 0.000325 0.000325 0.019812 0.000325 
0.000534 0.000534 0.310032 0.000534 0.075240 0.003202 0.000534 0.000534 0.051227 0.000534 0.021878 0.027215 0.141942 0.360726 0.000534 0.000534 0.000534 0.000534 0.003202 
0.000527 0.000527 0.327014 0.000527 0.161137 0.000527 0.000527 0.016324 0.008425 0.000527 0.471827 0.003160 0.003160 0.000527 0.003160 0.000527 0.000527 0.000527 0.000527 
0.000569 0.009096 0.256396 0.000569 0.409892 0.000569 0.000569 0.000569 0.000569 0.000569 0.276293 0.000569 0.000569 0.011939 0.000569 0.003411 0.000569 0.009096 0.017624 
0.000142 0.000142 0.593422 0.000142 0.002977 0.000142 0.000142 0.000142 0.024242 0.000142 0.004395 0.365183 0.002977 0.000142 0.002977 0.000142 0.000851 0.000142 0.001559 
0.000559 0.000559 0.391839 0.000559 0.000559 0.000559 0.003354 0.000559 0.517608 0.000559 0.000559 0.073225 0.003354 0.000559 0.000559 0.003354 0.000559 0.000559 0.000559 
0.000395 0.000395 0.352313 0.000395 0.162515 0.000395 0.000395 0.000395 0.035983 0.006327 0.000395 0.000395 0.381969 0.000395 0.000395 0.055753 0.000395 0.000395 0.000395 
0.000669 0.000669 0.188086 0.000669 0.462517 0.000669 0.004016 0.000669 0.111111 0.000669 0.161312 0.000669 0.034137 0.000669 0.000669 0.000669 0.000669 0.030790 0.000669 
0.000435 0.026533 0.391910 0.000435 0.104828 0.002610 0.000435 0.013484 0.361462 0.000435 0.015659 0.002610 0.000435 0.000435 0.000435 0.000435 0.076555 0.000435 0.000435 
0.014589 0.001326 0.173740 0.001326 0.193634 0.007958 0.007958 0.001326 0.041114 0.001326 0.405836 0.014589 0.007958 0.001326 0.001326 0.001326 0.007958 0.107427 0.007958 
0.000336 0.000336 0.401477 0.000336 0.020477 0.002014 0.007049 0.000336 0.534072 0.000336 0.002014 0.012085 0.007049 0.003693 0.000336 0.003693 0.000336 0.000336 0.003693 
0.005291 0.018519 0.327160 0.000882 0.014109 0.009700 0.000882 0.009700 0.009700 0.018519 0.463845 0.031746 0.000882 0.000882 0.000882 0.031746 0.000882 0.053792 0.000882 
0.000695 0.004170 0.028492 0.000695 0.507992 0.000695 0.084086 0.004170 0.007644 0.000695 0.111883 0.000695 0.236970 0.007644 0.000695 0.000695 0.000695 0.000695 0.000695 
0.004852 0.000187 0.066430 0.003919 0.834297 0.003919 0.000187 0.000187 0.036574 0.000187 0.025378 0.003919 0.005785 0.000187 0.000187 0.008584 0.002986 0.002053 0.000187 
0.009574 0.000870 0.157528 0.000870 0.179286 0.000870 0.000870 0.000870 0.118364 0.000870 0.066144 0.000870 0.449086 0.000870 0.000870 0.005222 0.005222 0.000870 0.000870 
0.003450 0.000575 0.247844 0.000575 0.431857 0.000575 0.003450 0.000575 0.049454 0.000575 0.000575 0.000575 0.000575 0.000575 0.000575 0.106958 0.046578 0.104083 0.000575 
0.000959 0.000160 0.516217 0.000160 0.068062 0.000160 0.000160 0.000160 0.412366 0.000160 0.000160 0.000160 0.000160 0.000160 0.000160 0.000160 0.000160 0.000160 0.000160 
