alpha=0.200000
beta=0.100000
ntopics=19
ndocs=700
nwords=20056
liter=1000
