0.058559 0.072072 0.072072 0.058559 0.045045 0.126126 0.045045 0.072072 0.099099 0.058559 0.058559 0.045045 0.045045 0.072072 0.072072 
0.054167 0.066667 0.104167 0.054167 0.041667 0.066667 0.041667 0.041667 0.154167 0.066667 0.079167 0.041667 0.066667 0.041667 0.079167 
0.044444 0.044444 0.044444 0.044444 0.111111 0.071111 0.044444 0.097778 0.057778 0.111111 0.057778 0.044444 0.084444 0.097778 0.044444 
0.043290 0.082251 0.043290 0.043290 0.043290 0.043290 0.043290 0.212121 0.043290 0.069264 0.043290 0.082251 0.082251 0.056277 0.069264 
0.041667 0.091667 0.066667 0.041667 0.066667 0.054167 0.041667 0.229167 0.066667 0.054167 0.041667 0.041667 0.041667 0.066667 0.054167 
0.166667 0.191667 0.054167 0.041667 0.041667 0.041667 0.041667 0.041667 0.041667 0.054167 0.041667 0.054167 0.041667 0.079167 0.066667 
0.035813 0.035813 0.052342 0.110193 0.110193 0.060606 0.035813 0.044077 0.118457 0.035813 0.052342 0.060606 0.027548 0.060606 0.159780 
0.042735 0.119658 0.055556 0.042735 0.042735 0.042735 0.145299 0.042735 0.055556 0.042735 0.055556 0.068376 0.119658 0.055556 0.068376 
0.031746 0.060317 0.060317 0.050794 0.069841 0.117460 0.041270 0.031746 0.050794 0.041270 0.031746 0.288889 0.031746 0.060317 0.031746 
0.030864 0.086420 0.049383 0.030864 0.290123 0.049383 0.040123 0.077160 0.049383 0.040123 0.040123 0.040123 0.058642 0.067901 0.049383 
0.061905 0.090476 0.047619 0.047619 0.061905 0.047619 0.047619 0.047619 0.076190 0.090476 0.090476 0.104762 0.061905 0.047619 0.076190 
0.069264 0.043290 0.056277 0.043290 0.069264 0.095238 0.043290 0.043290 0.069264 0.108225 0.056277 0.043290 0.056277 0.043290 0.160173 
0.108225 0.056277 0.108225 0.043290 0.069264 0.056277 0.056277 0.069264 0.056277 0.082251 0.069264 0.069264 0.056277 0.056277 0.043290 
0.043860 0.043860 0.096491 0.043860 0.057018 0.043860 0.135965 0.043860 0.109649 0.043860 0.057018 0.057018 0.057018 0.083333 0.083333 
0.085271 0.050388 0.050388 0.038760 0.166667 0.038760 0.038760 0.062016 0.096899 0.096899 0.050388 0.062016 0.062016 0.050388 0.050388 
0.057018 0.057018 0.083333 0.057018 0.057018 0.043860 0.057018 0.070175 0.057018 0.070175 0.070175 0.057018 0.096491 0.070175 0.096491 
0.078431 0.049020 0.122549 0.063725 0.093137 0.049020 0.049020 0.063725 0.049020 0.078431 0.049020 0.049020 0.063725 0.049020 0.093137 
0.060185 0.060185 0.046296 0.087963 0.046296 0.060185 0.060185 0.143519 0.046296 0.046296 0.074074 0.060185 0.101852 0.060185 0.046296 
0.037879 0.049242 0.060606 0.037879 0.140152 0.037879 0.060606 0.037879 0.071970 0.071970 0.037879 0.106061 0.037879 0.037879 0.174242 
0.154167 0.054167 0.041667 0.041667 0.104167 0.054167 0.041667 0.054167 0.079167 0.079167 0.066667 0.041667 0.054167 0.079167 0.054167 
0.043290 0.056277 0.043290 0.043290 0.043290 0.056277 0.043290 0.043290 0.043290 0.043290 0.043290 0.056277 0.316017 0.069264 0.056277 
0.045662 0.059361 0.045662 0.045662 0.059361 0.073059 0.045662 0.059361 0.073059 0.141553 0.100457 0.045662 0.045662 0.100457 0.059361 
0.118774 0.038314 0.049808 0.049808 0.061303 0.038314 0.038314 0.038314 0.072797 0.095785 0.118774 0.084291 0.072797 0.061303 0.061303 
0.049020 0.063725 0.049020 0.063725 0.049020 0.078431 0.063725 0.063725 0.049020 0.049020 0.063725 0.151961 0.078431 0.078431 0.049020 
0.057971 0.036232 0.047101 0.036232 0.036232 0.079710 0.036232 0.047101 0.047101 0.068841 0.090580 0.057971 0.264493 0.047101 0.047101 
0.049020 0.049020 0.078431 0.093137 0.049020 0.049020 0.063725 0.137255 0.049020 0.049020 0.078431 0.049020 0.078431 0.063725 0.063725 
0.041152 0.078189 0.102881 0.041152 0.041152 0.041152 0.078189 0.102881 0.078189 0.065844 0.041152 0.053498 0.090535 0.053498 0.090535 
0.039216 0.062745 0.039216 0.039216 0.074510 0.050980 0.039216 0.050980 0.062745 0.050980 0.098039 0.215686 0.062745 0.062745 0.050980 
0.060897 0.080128 0.032051 0.070513 0.051282 0.330128 0.051282 0.041667 0.032051 0.051282 0.041667 0.041667 0.051282 0.032051 0.032051 
0.053498 0.078189 0.078189 0.164609 0.053498 0.102881 0.041152 0.053498 0.065844 0.041152 0.078189 0.053498 0.053498 0.041152 0.041152 
0.141553 0.045662 0.045662 0.045662 0.045662 0.045662 0.045662 0.073059 0.127854 0.059361 0.073059 0.073059 0.045662 0.086758 0.045662 
0.108187 0.055556 0.038012 0.090643 0.055556 0.038012 0.038012 0.055556 0.055556 0.099415 0.055556 0.108187 0.038012 0.029240 0.134503 
0.052910 0.084656 0.052910 0.052910 0.068783 0.084656 0.052910 0.052910 0.084656 0.068783 0.052910 0.084656 0.052910 0.100529 0.052910 
0.078431 0.078431 0.049020 0.049020 0.078431 0.063725 0.063725 0.063725 0.063725 0.078431 0.122549 0.049020 0.049020 0.063725 0.049020 
0.104762 0.061905 0.047619 0.061905 0.076190 0.076190 0.061905 0.061905 0.047619 0.047619 0.061905 0.104762 0.047619 0.076190 0.061905 
0.099099 0.112613 0.045045 0.072072 0.099099 0.058559 0.045045 0.058559 0.058559 0.058559 0.058559 0.045045 0.045045 0.058559 0.085586 
0.119048 0.090476 0.047619 0.047619 0.047619 0.061905 0.047619 0.047619 0.119048 0.047619 0.061905 0.076190 0.076190 0.047619 0.061905 
0.034014 0.054422 0.034014 0.064626 0.064626 0.064626 0.227891 0.064626 0.044218 0.034014 0.054422 0.074830 0.044218 0.034014 0.105442 
0.037879 0.106061 0.071970 0.037879 0.037879 0.049242 0.049242 0.071970 0.060606 0.060606 0.185606 0.037879 0.049242 0.060606 0.083333 
0.072607 0.122112 0.042904 0.062706 0.042904 0.211221 0.062706 0.082508 0.042904 0.042904 0.072607 0.042904 0.033003 0.033003 0.033003 
0.054852 0.080169 0.042194 0.067511 0.080169 0.105485 0.054852 0.042194 0.042194 0.143460 0.042194 0.042194 0.067511 0.054852 0.080169 
0.097484 0.040881 0.050314 0.059748 0.097484 0.050314 0.050314 0.040881 0.078616 0.078616 0.135220 0.059748 0.059748 0.069182 0.031447 
0.049020 0.049020 0.049020 0.049020 0.063725 0.063725 0.049020 0.078431 0.078431 0.093137 0.093137 0.107843 0.049020 0.049020 0.078431 
0.043333 0.073333 0.123333 0.163333 0.053333 0.043333 0.063333 0.033333 0.063333 0.053333 0.113333 0.043333 0.033333 0.063333 0.033333 
0.065972 0.076389 0.055556 0.055556 0.170139 0.076389 0.034722 0.045139 0.045139 0.065972 0.045139 0.045139 0.045139 0.128472 0.045139 
0.041152 0.078189 0.164609 0.041152 0.065844 0.041152 0.041152 0.041152 0.065844 0.102881 0.053498 0.053498 0.078189 0.041152 0.090535 
0.071970 0.060606 0.083333 0.071970 0.037879 0.060606 0.049242 0.037879 0.128788 0.049242 0.094697 0.049242 0.049242 0.117424 0.037879 
0.049751 0.049751 0.124378 0.049751 0.049751 0.049751 0.049751 0.079602 0.064677 0.064677 0.064677 0.094527 0.049751 0.109453 0.049751 
0.071970 0.106061 0.037879 0.128788 0.071970 0.094697 0.083333 0.083333 0.037879 0.037879 0.060606 0.049242 0.060606 0.037879 0.037879 
0.037037 0.059259 0.059259 0.281481 0.037037 0.037037 0.070370 0.092593 0.048148 0.037037 0.059259 0.048148 0.037037 0.048148 0.048148 
0.050388 0.073643 0.050388 0.062016 0.073643 0.050388 0.050388 0.085271 0.096899 0.050388 0.085271 0.073643 0.073643 0.085271 0.038760 
0.047619 0.076190 0.076190 0.047619 0.047619 0.076190 0.061905 0.047619 0.047619 0.119048 0.047619 0.076190 0.061905 0.104762 0.061905 
0.030581 0.039755 0.067278 0.030581 0.048930 0.314985 0.122324 0.039755 0.039755 0.039755 0.067278 0.039755 0.048930 0.030581 0.039755 
0.042735 0.068376 0.068376 0.042735 0.119658 0.068376 0.042735 0.068376 0.081197 0.042735 0.068376 0.055556 0.068376 0.055556 0.106838 
0.108527 0.062016 0.062016 0.038760 0.073643 0.038760 0.038760 0.038760 0.050388 0.062016 0.073643 0.062016 0.085271 0.050388 0.155039 
0.041270 0.107937 0.050794 0.041270 0.041270 0.060317 0.107937 0.079365 0.079365 0.041270 0.050794 0.050794 0.088889 0.031746 0.126984 
0.043860 0.096491 0.043860 0.149123 0.043860 0.043860 0.070175 0.096491 0.070175 0.070175 0.057018 0.043860 0.057018 0.057018 0.057018 
0.039216 0.039216 0.062745 0.262745 0.062745 0.039216 0.086275 0.039216 0.050980 0.039216 0.050980 0.074510 0.050980 0.062745 0.039216 
0.037879 0.049242 0.060606 0.253788 0.049242 0.083333 0.060606 0.037879 0.071970 0.037879 0.037879 0.094697 0.049242 0.037879 0.037879 
0.097222 0.076389 0.045139 0.201389 0.045139 0.086806 0.065972 0.045139 0.045139 0.034722 0.055556 0.055556 0.055556 0.045139 0.045139 
0.089431 0.052846 0.040650 0.065041 0.040650 0.065041 0.065041 0.077236 0.077236 0.052846 0.040650 0.138211 0.052846 0.089431 0.052846 
0.062745 0.039216 0.050980 0.086275 0.050980 0.098039 0.050980 0.039216 0.074510 0.062745 0.133333 0.050980 0.062745 0.086275 0.050980 
0.040161 0.064257 0.052209 0.040161 0.076305 0.040161 0.064257 0.040161 0.112450 0.100402 0.040161 0.076305 0.136546 0.040161 0.076305 
0.091667 0.066667 0.041667 0.041667 0.054167 0.054167 0.154167 0.066667 0.054167 0.066667 0.091667 0.054167 0.041667 0.041667 0.079167 
0.043333 0.073333 0.043333 0.033333 0.053333 0.053333 0.103333 0.283333 0.073333 0.033333 0.063333 0.033333 0.033333 0.033333 0.043333 
0.073446 0.073446 0.073446 0.056497 0.056497 0.056497 0.056497 0.056497 0.073446 0.073446 0.090395 0.090395 0.056497 0.056497 0.056497 
0.047619 0.090476 0.061905 0.047619 0.047619 0.047619 0.047619 0.090476 0.076190 0.161905 0.061905 0.047619 0.047619 0.061905 0.061905 
0.049751 0.049751 0.049751 0.049751 0.079602 0.049751 0.049751 0.094527 0.049751 0.064677 0.064677 0.079602 0.049751 0.064677 0.154229 
0.108225 0.043290 0.043290 0.056277 0.069264 0.108225 0.043290 0.056277 0.043290 0.056277 0.056277 0.082251 0.069264 0.108225 0.056277 
0.095238 0.069264 0.056277 0.043290 0.043290 0.043290 0.043290 0.069264 0.043290 0.121212 0.056277 0.043290 0.147186 0.082251 0.043290 
0.127148 0.085911 0.044674 0.158076 0.034364 0.044674 0.044674 0.034364 0.096220 0.044674 0.065292 0.075601 0.054983 0.034364 0.054983 
0.046296 0.087963 0.046296 0.074074 0.060185 0.087963 0.115741 0.060185 0.046296 0.046296 0.060185 0.074074 0.046296 0.087963 0.060185 
0.041152 0.090535 0.065844 0.127572 0.102881 0.041152 0.090535 0.053498 0.053498 0.065844 0.053498 0.041152 0.041152 0.090535 0.041152 
0.112450 0.040161 0.040161 0.052209 0.064257 0.124498 0.040161 0.052209 0.076305 0.064257 0.076305 0.112450 0.052209 0.052209 0.040161 
0.062802 0.091787 0.062802 0.077295 0.077295 0.048309 0.048309 0.062802 0.048309 0.062802 0.062802 0.062802 0.048309 0.062802 0.120773 
0.051282 0.066667 0.082051 0.051282 0.051282 0.066667 0.066667 0.112821 0.051282 0.051282 0.051282 0.082051 0.082051 0.082051 0.051282 
0.068376 0.081197 0.042735 0.042735 0.042735 0.055556 0.081197 0.158120 0.055556 0.055556 0.094017 0.081197 0.042735 0.055556 0.042735 
0.053763 0.086022 0.053763 0.053763 0.053763 0.069892 0.053763 0.069892 0.102151 0.069892 0.069892 0.102151 0.053763 0.053763 0.053763 
0.043290 0.108225 0.043290 0.043290 0.121212 0.056277 0.095238 0.056277 0.069264 0.108225 0.056277 0.043290 0.056277 0.056277 0.043290 
0.098039 0.062745 0.039216 0.039216 0.050980 0.050980 0.039216 0.050980 0.062745 0.074510 0.050980 0.050980 0.227451 0.050980 0.050980 
0.029499 0.047198 0.029499 0.153392 0.126844 0.047198 0.082596 0.047198 0.073746 0.029499 0.109145 0.047198 0.056047 0.029499 0.091445 
0.051587 0.051587 0.039683 0.051587 0.039683 0.039683 0.051587 0.075397 0.039683 0.051587 0.063492 0.075397 0.063492 0.265873 0.039683 
0.027254 0.058700 0.348008 0.020964 0.052411 0.027254 0.020964 0.046122 0.071279 0.071279 0.033543 0.064990 0.033543 0.058700 0.064990 
0.135158 0.063018 0.015755 0.040630 0.070481 0.015755 0.254561 0.023217 0.035655 0.028192 0.209784 0.010779 0.030680 0.018242 0.048093 
0.019960 0.073852 0.115768 0.025948 0.235529 0.037924 0.067864 0.043912 0.085828 0.055888 0.031936 0.061876 0.049900 0.037924 0.055888 
0.107843 0.026961 0.078431 0.026961 0.041667 0.037990 0.015931 0.019608 0.287990 0.041667 0.045343 0.082108 0.107843 0.026961 0.052696 
0.038929 0.097324 0.075426 0.031630 0.090024 0.038929 0.046229 0.031630 0.060827 0.097324 0.060827 0.097324 0.060827 0.119221 0.053528 
0.051440 0.063786 0.119342 0.026749 0.125514 0.020576 0.020576 0.026749 0.174897 0.026749 0.063786 0.051440 0.076132 0.125514 0.026749 
0.107448 0.081807 0.019536 0.012210 0.034188 0.026862 0.012210 0.030525 0.034188 0.455433 0.052503 0.037851 0.019536 0.015873 0.059829 
0.032313 0.073129 0.399660 0.068027 0.017007 0.017007 0.047619 0.052721 0.052721 0.027211 0.042517 0.078231 0.027211 0.027211 0.037415 
0.025397 0.092063 0.049206 0.020635 0.015873 0.044444 0.368254 0.030159 0.111111 0.034921 0.039683 0.053968 0.049206 0.015873 0.049206 
0.079190 0.040516 0.073665 0.023941 0.117864 0.029466 0.018416 0.068140 0.051565 0.057090 0.095764 0.079190 0.084715 0.156538 0.023941 
