alpha=3.333333
beta=0.010000
ntopics=15
ndocs=92
nwords=871
liter=2000
