alpha=5.000000
beta=0.010000
ntopics=10
ndocs=92
nwords=871
liter=2000
