0.121622 0.094595 0.094595 0.135135 0.081081 0.094595 0.108108 0.094595 0.067568 0.108108 
0.200000 0.075000 0.087500 0.125000 0.087500 0.075000 0.137500 0.075000 0.062500 0.075000 
0.093333 0.066667 0.066667 0.106667 0.066667 0.133333 0.080000 0.160000 0.106667 0.120000 
0.090909 0.116883 0.064935 0.077922 0.077922 0.246753 0.064935 0.077922 0.090909 0.090909 
0.087500 0.087500 0.062500 0.100000 0.062500 0.275000 0.075000 0.062500 0.087500 0.100000 
0.062500 0.150000 0.075000 0.112500 0.075000 0.200000 0.075000 0.100000 0.075000 0.075000 
0.190083 0.239669 0.049587 0.090909 0.090909 0.057851 0.041322 0.090909 0.074380 0.074380 
0.102564 0.115385 0.089744 0.064103 0.076923 0.192308 0.141026 0.076923 0.076923 0.064103 
0.085714 0.047619 0.076190 0.076190 0.076190 0.066667 0.285714 0.076190 0.104762 0.104762 
0.092593 0.324074 0.046296 0.064815 0.055556 0.111111 0.064815 0.064815 0.055556 0.120370 
0.100000 0.071429 0.071429 0.157143 0.085714 0.100000 0.128571 0.085714 0.085714 0.114286 
0.077922 0.181818 0.064935 0.116883 0.103896 0.077922 0.064935 0.090909 0.129870 0.090909 
0.064935 0.090909 0.064935 0.090909 0.064935 0.090909 0.077922 0.168831 0.142857 0.142857 
0.092105 0.078947 0.157895 0.092105 0.065789 0.092105 0.078947 0.078947 0.131579 0.131579 
0.058140 0.127907 0.058140 0.127907 0.058140 0.093023 0.081395 0.116279 0.081395 0.197674 
0.078947 0.210526 0.065789 0.078947 0.078947 0.105263 0.078947 0.092105 0.092105 0.118421 
0.088235 0.161765 0.088235 0.088235 0.073529 0.088235 0.073529 0.132353 0.088235 0.117647 
0.069444 0.069444 0.097222 0.097222 0.083333 0.194444 0.069444 0.111111 0.138889 0.069444 
0.068182 0.329545 0.079545 0.068182 0.056818 0.090909 0.102273 0.068182 0.068182 0.068182 
0.075000 0.075000 0.062500 0.062500 0.062500 0.062500 0.075000 0.150000 0.237500 0.137500 
0.090909 0.064935 0.064935 0.077922 0.064935 0.077922 0.064935 0.064935 0.350649 0.077922 
0.095890 0.068493 0.068493 0.150685 0.095890 0.082192 0.109589 0.082192 0.123288 0.123288 
0.149425 0.080460 0.103448 0.126437 0.068966 0.126437 0.068966 0.091954 0.103448 0.080460 
0.073529 0.117647 0.102941 0.088235 0.073529 0.102941 0.161765 0.088235 0.117647 0.073529 
0.206522 0.097826 0.065217 0.065217 0.054348 0.097826 0.076087 0.141304 0.119565 0.076087 
0.088235 0.088235 0.073529 0.088235 0.088235 0.176471 0.117647 0.102941 0.102941 0.073529 
0.086420 0.111111 0.135802 0.098765 0.061728 0.185185 0.086420 0.061728 0.086420 0.086420 
0.105882 0.105882 0.070588 0.070588 0.070588 0.070588 0.270588 0.058824 0.105882 0.070588 
0.096154 0.057692 0.144231 0.086538 0.307692 0.057692 0.057692 0.067308 0.076923 0.048077 
0.086420 0.086420 0.061728 0.074074 0.308642 0.061728 0.074074 0.098765 0.074074 0.074074 
0.136986 0.082192 0.068493 0.095890 0.082192 0.082192 0.082192 0.095890 0.191781 0.082192 
0.043860 0.105263 0.061404 0.087719 0.087719 0.140351 0.236842 0.122807 0.043860 0.070175 
0.079365 0.111111 0.095238 0.095238 0.111111 0.079365 0.111111 0.095238 0.126984 0.095238 
0.073529 0.102941 0.073529 0.073529 0.102941 0.073529 0.117647 0.161765 0.117647 0.102941 
0.071429 0.100000 0.085714 0.071429 0.114286 0.085714 0.100000 0.185714 0.114286 0.071429 
0.094595 0.135135 0.067568 0.081081 0.067568 0.094595 0.135135 0.135135 0.081081 0.108108 
0.157143 0.100000 0.071429 0.071429 0.071429 0.114286 0.100000 0.142857 0.085714 0.085714 
0.061224 0.081633 0.244898 0.071429 0.102041 0.081633 0.142857 0.051020 0.061224 0.102041 
0.181818 0.090909 0.068182 0.102273 0.079545 0.102273 0.136364 0.102273 0.079545 0.056818 
0.079208 0.069307 0.099010 0.069307 0.217822 0.108911 0.128713 0.079208 0.089109 0.059406 
0.063291 0.101266 0.126582 0.177215 0.151899 0.088608 0.088608 0.075949 0.063291 0.063291 
0.103774 0.075472 0.066038 0.113208 0.066038 0.075472 0.113208 0.160377 0.141509 0.084906 
0.132353 0.088235 0.088235 0.117647 0.073529 0.088235 0.132353 0.088235 0.088235 0.102941 
0.050000 0.060000 0.090000 0.090000 0.300000 0.050000 0.070000 0.130000 0.060000 0.100000 
0.072917 0.093750 0.052083 0.125000 0.281250 0.083333 0.052083 0.093750 0.062500 0.083333 
0.098765 0.074074 0.061728 0.111111 0.074074 0.111111 0.185185 0.074074 0.098765 0.111111 
0.193182 0.056818 0.090909 0.090909 0.147727 0.056818 0.125000 0.068182 0.068182 0.102273 
0.074627 0.134328 0.074627 0.089552 0.089552 0.134328 0.074627 0.074627 0.164179 0.089552 
0.068182 0.068182 0.136364 0.090909 0.090909 0.068182 0.113636 0.056818 0.204545 0.102273 
0.066667 0.077778 0.100000 0.077778 0.233333 0.166667 0.088889 0.077778 0.055556 0.055556 
0.104651 0.069767 0.069767 0.093023 0.104651 0.069767 0.116279 0.069767 0.197674 0.104651 
0.100000 0.100000 0.100000 0.114286 0.114286 0.085714 0.085714 0.071429 0.157143 0.071429 
0.045872 0.100917 0.366972 0.064220 0.045872 0.064220 0.091743 0.073394 0.045872 0.100917 
0.102564 0.179487 0.089744 0.102564 0.076923 0.089744 0.064103 0.076923 0.089744 0.128205 
0.116279 0.116279 0.069767 0.058140 0.058140 0.116279 0.139535 0.139535 0.093023 0.093023 
0.142857 0.152381 0.180952 0.085714 0.085714 0.076190 0.076190 0.047619 0.085714 0.066667 
0.065789 0.078947 0.078947 0.078947 0.171053 0.118421 0.105263 0.078947 0.131579 0.092105 
0.105882 0.058824 0.141176 0.058824 0.258824 0.082353 0.070588 0.070588 0.082353 0.070588 
0.068182 0.056818 0.079545 0.068182 0.261364 0.147727 0.079545 0.079545 0.068182 0.090909 
0.062500 0.114583 0.083333 0.062500 0.187500 0.125000 0.104167 0.052083 0.072917 0.135417 
0.097561 0.085366 0.085366 0.085366 0.073171 0.134146 0.121951 0.109756 0.109756 0.097561 
0.176471 0.082353 0.082353 0.094118 0.141176 0.058824 0.070588 0.129412 0.094118 0.070588 
0.180723 0.084337 0.084337 0.096386 0.060241 0.084337 0.192771 0.072289 0.060241 0.084337 
0.087500 0.075000 0.162500 0.100000 0.112500 0.075000 0.112500 0.100000 0.062500 0.112500 
0.220000 0.070000 0.090000 0.080000 0.100000 0.110000 0.050000 0.070000 0.140000 0.070000 
0.101695 0.084746 0.084746 0.135593 0.084746 0.118644 0.101695 0.084746 0.118644 0.084746 
0.085714 0.114286 0.071429 0.171429 0.085714 0.100000 0.114286 0.085714 0.100000 0.071429 
0.074627 0.089552 0.089552 0.074627 0.089552 0.089552 0.164179 0.134328 0.104478 0.089552 
0.103896 0.077922 0.077922 0.090909 0.064935 0.142857 0.116883 0.116883 0.116883 0.090909 
0.064935 0.077922 0.064935 0.129870 0.064935 0.090909 0.103896 0.142857 0.168831 0.090909 
0.082474 0.082474 0.061856 0.051546 0.175258 0.103093 0.082474 0.226804 0.061856 0.072165 
0.069444 0.097222 0.138889 0.069444 0.138889 0.083333 0.069444 0.138889 0.111111 0.083333 
0.061728 0.086420 0.111111 0.086420 0.074074 0.086420 0.086420 0.172840 0.111111 0.123457 
0.072289 0.072289 0.060241 0.084337 0.096386 0.084337 0.132530 0.192771 0.096386 0.108434 
0.086957 0.130435 0.086957 0.101449 0.072464 0.130435 0.086957 0.115942 0.086957 0.101449 
0.076923 0.123077 0.092308 0.123077 0.092308 0.123077 0.076923 0.107692 0.107692 0.076923 
0.076923 0.102564 0.102564 0.115385 0.089744 0.179487 0.076923 0.076923 0.076923 0.102564 
0.096774 0.096774 0.080645 0.080645 0.096774 0.096774 0.177419 0.096774 0.080645 0.096774 
0.116883 0.090909 0.129870 0.090909 0.103896 0.090909 0.129870 0.064935 0.103896 0.077922 
0.188235 0.094118 0.058824 0.082353 0.058824 0.058824 0.058824 0.094118 0.223529 0.082353 
0.061947 0.097345 0.097345 0.070796 0.203540 0.123894 0.132743 0.070796 0.061947 0.079646 
0.059524 0.071429 0.059524 0.083333 0.250000 0.083333 0.107143 0.071429 0.107143 0.107143 
0.056604 0.075472 0.044025 0.069182 0.031447 0.327044 0.094340 0.081761 0.075472 0.144654 
0.082090 0.079602 0.300995 0.062189 0.059701 0.074627 0.024876 0.213930 0.067164 0.034826 
0.125749 0.155689 0.059880 0.101796 0.053892 0.053892 0.089820 0.029940 0.053892 0.275449 
0.286765 0.066176 0.036765 0.040441 0.036765 0.025735 0.176471 0.125000 0.055147 0.150735 
0.080292 0.145985 0.058394 0.204380 0.036496 0.087591 0.087591 0.102190 0.116788 0.080292 
0.043210 0.049383 0.037037 0.061728 0.030864 0.061728 0.049383 0.123457 0.141975 0.401235 
0.117216 0.036630 0.018315 0.465201 0.018315 0.047619 0.043956 0.146520 0.047619 0.058608 
0.045918 0.030612 0.071429 0.352041 0.040816 0.183673 0.066327 0.045918 0.086735 0.076531 
0.123810 0.085714 0.342857 0.090476 0.028571 0.038095 0.100000 0.066667 0.047619 0.076190 
0.071823 0.077348 0.033149 0.071823 0.038674 0.099448 0.060773 0.198895 0.182320 0.165746 
